"emp_no","first_name","last_name","birth_date","hire_date","dept_name"
10302,"Faiza","Baer","1954-10-11","1986-07-22","Sales"
10548,"Ramalingam","Gunderson","1952-06-12","1986-05-04","Sales"
11048,"Jaques","Demke","1952-10-26","1985-02-26","Sales"
11515,"Ulf","Basawa","1955-03-03","1986-02-27","Sales"
11897,"Cordelia","Setlzner","1952-11-23","1987-12-27","Sales"
12497,"Stein","Penz","1953-08-26","1985-04-05","Sales"
12651,"Pragnesh","Bael","1952-07-24","1988-01-27","Sales"
12664,"Zhonghua","Parveen","1952-05-01","1987-08-19","Sales"
12798,"Lillian","Beeson","1952-05-18","1987-12-27","Sales"
13075,"Rosella","Morrin","1955-05-24","1986-08-17","Sales"
13243,"Fay","Huxford","1953-12-23","1986-12-17","Sales"
13392,"Fumitake","Beidas","1953-04-05","1988-08-26","Sales"
13801,"Shih","Mayerwieser","1952-05-27","1986-03-08","Sales"
14621,"Souichi","Wixon","1953-01-17","1986-04-15","Sales"
14639,"Arvind","Hempstead","1954-04-03","1987-11-08","Sales"
14966,"Zhanqiu","Underwood","1954-02-23","1986-08-27","Sales"
15113,"Zhiguo","Giaccio","1955-07-15","1987-09-14","Sales"
15369,"Premal","Penttonen","1952-10-11","1987-04-07","Sales"
15382,"Alassane","Siegrist","1952-07-28","1985-12-26","Sales"
15474,"Gilbert","Plumb","1953-09-21","1985-06-30","Sales"
15539,"Shigeichiro","Spieker","1955-11-22","1985-08-12","Sales"
15819,"Magdalena","Rajcani","1955-04-10","1987-09-18","Sales"
16364,"Yifei","Gini","1953-11-15","1988-09-19","Sales"
16858,"Akeno","Gustavson","1952-07-05","1988-03-18","Sales"
17245,"Neven","Milicia","1952-09-29","1987-06-06","Sales"
17629,"Mostafa","Winter","1952-02-11","1985-09-25","Sales"
17647,"Vasilis","Swab","1952-08-17","1988-08-25","Sales"
18274,"Yefim","Karnin","1955-08-03","1986-06-13","Sales"
18679,"Roded","Lambe","1954-10-01","1987-01-14","Sales"
19318,"Xianlong","Halevi","1954-09-15","1986-09-24","Sales"
19634,"Phuoc","Etalle","1954-10-02","1986-09-01","Sales"
19724,"Visit","Hasham","1954-11-23","1988-09-09","Sales"
19728,"Candido","Ramsey","1954-02-25","1986-08-26","Sales"
19849,"Weicheng","Serre","1954-01-14","1988-06-03","Sales"
19955,"IEEE","Conry","1954-06-26","1986-12-08","Sales"
20708,"Aemilian","Arlazarov","1955-05-26","1988-07-20","Sales"
20923,"Menkae","Miara","1953-12-01","1985-07-15","Sales"
21537,"Boutros","Mitchem","1955-07-20","1988-08-29","Sales"
21758,"Susumu","Picht","1952-09-30","1986-10-19","Sales"
21820,"Sanjay","Khasidashvili","1954-02-17","1985-06-17","Sales"
22557,"Abdulla","Luon","1954-01-03","1988-06-12","Sales"
22609,"Zvonko","Baalen","1955-06-18","1986-12-31","Sales"
22783,"Takahiro","Beerel","1955-09-03","1986-02-06","Sales"
22934,"Parviz","Plumb","1952-06-14","1985-03-23","Sales"
23195,"Mark","Ertl","1952-05-27","1986-09-25","Sales"
23454,"Heejo","Felcyn","1954-11-18","1986-12-20","Sales"
23505,"Yunming","Muchinsky","1954-12-21","1987-09-06","Sales"
23592,"Marek","Templeman","1955-03-01","1985-12-31","Sales"
23620,"Clyde","Reeker","1954-08-18","1988-04-01","Sales"
23761,"Jouni","Menhardt","1954-01-24","1987-05-22","Sales"
23998,"Amabile","Neimat","1954-05-30","1987-05-04","Sales"
24746,"Tianruo","Tsukuda","1954-06-11","1987-06-27","Sales"
24793,"Kristen","Brizzi","1955-05-23","1987-04-26","Sales"
25435,"DeForest","Milicia","1953-01-15","1987-06-13","Sales"
26113,"Larisa","Brandsma","1952-12-06","1985-09-13","Sales"
26252,"Haldun","Flowers","1953-01-07","1987-08-18","Sales"
26317,"Valdiodio","Weedman","1954-06-28","1985-07-14","Sales"
26344,"Duke","Sabnani","1955-02-01","1988-02-13","Sales"
26488,"Zdislav","Perly","1952-11-11","1987-08-21","Sales"
26808,"Jeanne","DuCasse","1953-04-29","1987-11-01","Sales"
27056,"Leen","Hiyoshi","1954-02-27","1987-05-22","Sales"
27221,"Syozo","Rosar","1955-02-12","1986-08-26","Sales"
27756,"Stevo","Suwa","1953-07-28","1985-09-13","Sales"
27772,"Shahaf","Salvesen","1955-08-14","1987-07-04","Sales"
28128,"Huican","Slaats","1954-01-10","1987-01-26","Sales"
28653,"Pranay","Flanders","1954-02-22","1987-03-05","Sales"
29080,"Panayotis","Shumilov","1954-02-01","1986-05-21","Sales"
29133,"Rafael","Peck","1954-01-10","1988-08-09","Sales"
30466,"Sumant","Giaccio","1952-08-08","1988-03-31","Sales"
31407,"Chaosheng","Vernadat","1955-11-11","1985-12-27","Sales"
31557,"Denny","Kalafatis","1955-08-11","1986-01-20","Sales"
31702,"Florian","Isard","1955-05-25","1986-05-06","Sales"
32193,"Margareta","Szmurlo","1952-05-23","1988-08-10","Sales"
32689,"Gladys","Heusch","1952-03-25","1988-08-08","Sales"
33579,"Guozhong","Eickenmeyer","1952-04-17","1987-06-18","Sales"
33715,"Armond","Wynblatt","1955-01-18","1986-07-11","Sales"
34158,"Mohammed","Syrotiuk","1952-11-28","1986-08-13","Sales"
34831,"Poornachandra","Haldar","1953-09-28","1986-11-28","Sales"
35686,"Nectarios","Crouzet","1952-11-30","1987-03-04","Sales"
36055,"Changho","Rubsam","1955-11-17","1986-05-04","Sales"
36448,"Pantung","Billawala","1953-11-07","1986-11-20","Sales"
36555,"Takahiro","Rothenberg","1953-07-31","1987-11-06","Sales"
36620,"Arno","Itzigehl","1954-04-29","1987-04-04","Sales"
37101,"Jaewon","Pappas","1954-06-21","1988-08-15","Sales"
38740,"Michaela","Matzat","1952-02-22","1988-09-23","Sales"
38942,"Danco","Xiaoshan","1952-12-22","1986-10-24","Sales"
39444,"Huican","Majewski","1954-09-20","1985-11-02","Sales"
39631,"Jiafu","Simmel","1952-03-26","1985-04-18","Sales"
39648,"Gad","Lanphier","1953-11-23","1988-02-10","Sales"
39712,"Chirstian","Muchinsky","1953-05-12","1988-10-30","Sales"
39880,"Turgut","Karunanithi","1952-12-16","1988-10-28","Sales"
39890,"Sanjai","Valiente","1952-11-14","1986-12-07","Sales"
39909,"Nectarios","Ozeki","1953-06-19","1988-06-29","Sales"
39971,"Odoardo","Antonisse","1953-05-19","1987-07-04","Sales"
40035,"Anyuan","Kleiser","1953-04-29","1987-01-23","Sales"
40057,"Ghassan","Kalloufi","1952-09-28","1986-08-04","Sales"
40156,"Dhritiman","Cooman","1953-05-28","1985-02-07","Sales"
40225,"Shakhar","Schieder","1955-08-25","1986-09-28","Sales"
40389,"Mong","Kobuchi","1953-01-07","1986-02-26","Sales"
40432,"Leucio","Linnainmaa","1953-03-15","1988-07-20","Sales"
40829,"Jianhui","Mitzlaff","1955-03-05","1988-04-30","Sales"
41122,"Guenter","Hoppenstand","1952-12-10","1985-11-14","Sales"
41239,"Malu","Rajaraman","1955-04-09","1988-04-28","Sales"
41410,"Kwangho","Munch","1953-09-03","1986-05-06","Sales"
43241,"Adam","Kisuki","1954-07-09","1987-09-06","Sales"
43387,"Fuqing","Syang","1954-09-07","1985-11-30","Sales"
43438,"Sampalli","Zultner","1955-10-12","1988-08-29","Sales"
43482,"Jiann","Pauthner","1952-10-20","1986-01-31","Sales"
43487,"Kristof","Ducloy","1952-11-12","1987-04-24","Sales"
43756,"Minghong","Himler","1952-08-18","1987-10-14","Sales"
44178,"Jackson","Schmezko","1952-02-28","1985-07-06","Sales"
44186,"Kendra","Vesel","1953-09-06","1985-06-22","Sales"
44454,"Toshimo","Besancenot","1952-04-26","1985-05-21","Sales"
44539,"Kwangjo","Buchter","1955-09-26","1985-09-12","Sales"
44682,"Souichi","Boissier","1954-02-16","1987-04-04","Sales"
45138,"Miomir","Karcich","1953-02-05","1987-08-26","Sales"
45390,"Sedat","Alameldin","1955-02-23","1985-12-17","Sales"
45534,"Perla","Jullig","1955-10-01","1987-03-09","Sales"
46028,"Sakthirel","Emmerich","1954-07-06","1987-11-05","Sales"
46587,"Macha","Baaleh","1954-07-07","1987-11-02","Sales"
46603,"Tesuya","Miara","1954-03-06","1985-10-16","Sales"
46683,"Ger","Wynblatt","1953-03-03","1988-06-29","Sales"
47022,"Mostafa","Terlouw","1954-12-24","1987-08-22","Sales"
47056,"Parto","Marciano","1954-07-01","1988-08-28","Sales"
47265,"Chikako","Birke","1954-05-18","1987-05-07","Sales"
47286,"Yinlin","Kamble","1955-04-16","1985-09-06","Sales"
47288,"Nishit","Ratnaker","1953-03-23","1986-04-04","Sales"
47764,"Nadjib","Demri","1953-12-13","1986-01-16","Sales"
48672,"Mantis","Servi","1953-11-17","1986-10-19","Sales"
48696,"Irena","Giarratana","1953-10-30","1987-07-04","Sales"
49194,"Nigel","Plesums","1953-11-14","1985-08-08","Sales"
49262,"Willard","Fairtlough","1952-11-14","1985-11-03","Sales"
49682,"Toshimori","Murtha","1954-07-04","1988-01-05","Sales"
49930,"Girolamo","Conte","1952-11-15","1985-08-15","Sales"
50204,"Mayuko","Beutelspacher","1953-05-31","1988-07-24","Sales"
50369,"Shmuel","Gils","1954-10-10","1985-06-05","Sales"
50375,"Tiina","Kampfer","1955-04-20","1987-02-20","Sales"
50588,"Ghassan","Swan","1953-08-06","1988-04-16","Sales"
50983,"Hironobu","Grandbois","1954-11-30","1985-03-17","Sales"
51126,"Gully","Zirintsis","1954-01-04","1987-05-19","Sales"
51323,"Yannis","Stanger","1953-10-08","1987-10-24","Sales"
51400,"KayLiang","Luca","1955-11-15","1985-12-22","Sales"
51590,"Ung","Sudbeck","1952-06-25","1985-05-25","Sales"
52356,"Kazuhira","Swist","1955-08-08","1987-09-28","Sales"
52773,"Shounak","Rissland","1955-01-01","1985-03-10","Sales"
53103,"Nechama","Molenkamp","1954-03-14","1985-09-21","Sales"
53426,"Masadi","Azadmanesh","1953-01-14","1988-03-31","Sales"
53459,"Salvador","Berstel","1954-01-28","1986-02-05","Sales"
53679,"Aleksandar","Litzkow","1954-04-11","1986-02-07","Sales"
54044,"Yuuichi","Muhling","1954-06-19","1988-09-14","Sales"
55273,"Chiranjit","Zockler","1952-10-04","1987-05-08","Sales"
55441,"Sasan","Wursthorn","1955-04-04","1987-03-20","Sales"
55592,"Alexius","Karcich","1954-08-22","1985-02-11","Sales"
55839,"Rosalyn","Birch","1955-12-24","1985-06-10","Sales"
56050,"Jaroslava","Uhrik","1953-05-15","1988-09-30","Sales"
56106,"Saeko","Chiola","1952-03-03","1986-08-07","Sales"
57000,"Toshiko","Lortz","1952-06-09","1986-02-24","Sales"
57325,"Hidde","Akiyama","1953-03-18","1986-02-15","Sales"
58096,"Rosine","Usdin","1952-07-18","1986-10-14","Sales"
58231,"Marjo","Pauthner","1953-06-13","1985-11-25","Sales"
58460,"Mart","Wixon","1955-06-23","1987-07-18","Sales"
58753,"Vitaly","Luders","1952-08-23","1985-08-11","Sales"
58825,"JoAnna","Swist","1952-08-26","1985-07-01","Sales"
59018,"Marsal","Liesche","1952-12-25","1985-03-10","Sales"
59087,"Shakhar","Erdmenger","1955-05-20","1985-09-29","Sales"
59242,"Fun","Peak","1953-12-16","1987-03-04","Sales"
59342,"Babette","Colorni","1955-06-27","1986-01-08","Sales"
59465,"Lillian","Luiz","1953-02-06","1985-02-28","Sales"
59510,"Shuichi","Bouloucos","1955-02-15","1988-01-14","Sales"
59927,"Sedat","Salverda","1952-03-05","1987-01-28","Sales"
60124,"Kagan","Sichman","1955-05-19","1987-01-07","Sales"
61273,"Manohar","Hainaut","1954-08-08","1987-01-12","Sales"
61515,"Mats","Curless","1953-10-22","1986-01-03","Sales"
61776,"Stafford","dAstous","1953-03-09","1988-12-31","Sales"
61805,"Faiza","Gurbaxani","1954-02-09","1988-02-29","Sales"
62174,"Teunis","Denna","1955-08-27","1986-03-01","Sales"
62906,"Alselm","McFarlin","1953-04-24","1985-03-23","Sales"
64872,"Dayanand","Thibadeau","1953-08-10","1987-10-15","Sales"
65136,"Terresa","Undy","1954-10-20","1987-02-13","Sales"
65211,"True","Hofstetter","1954-10-02","1985-09-07","Sales"
65579,"Adit","Orsini","1952-10-20","1985-02-20","Sales"
65835,"Arra","Beetstra","1953-03-05","1986-01-03","Sales"
66050,"Gully","Riesenhuber","1953-07-11","1987-11-24","Sales"
66225,"Mayumi","Stifter","1952-04-13","1985-03-30","Sales"
67111,"Odysseas","Dalphin","1954-08-02","1987-08-01","Sales"
67845,"Xuejun","Back","1954-04-14","1985-07-16","Sales"
68568,"Iara","Raney","1952-05-02","1985-04-12","Sales"
68603,"Fabrizio","Rusterholz","1954-03-26","1987-04-24","Sales"
68838,"Nalini","Pauthner","1955-02-24","1987-02-11","Sales"
68839,"Shuky","Famili","1954-11-05","1985-12-06","Sales"
69647,"Deborah","Pileggi","1952-11-27","1988-10-15","Sales"
70810,"Vishwani","Brodal","1954-08-18","1985-03-20","Sales"
71560,"Shalesh","Shanbhogue","1955-07-11","1986-06-06","Sales"
71847,"Seshu","Kadhim","1955-04-01","1988-01-01","Sales"
71930,"Lech","Etalle","1952-10-20","1986-12-25","Sales"
71960,"Teunis","Karnin","1952-03-04","1986-11-16","Sales"
72031,"Nagui","Makrucki","1954-01-13","1988-01-23","Sales"
72727,"Lunjin","Basagni","1953-09-23","1985-11-21","Sales"
72836,"Sadun","Baez","1954-03-26","1987-10-09","Sales"
72928,"Xiahua","Rosay","1953-01-10","1986-11-12","Sales"
73336,"Zhongwei","Molenkamp","1954-02-12","1987-12-15","Sales"
73749,"Hercules","Oppitz","1954-07-04","1987-05-15","Sales"
73891,"Rasikan","Rebaine","1952-11-21","1985-08-31","Sales"
74215,"Tooru","Qiwen","1954-02-03","1987-09-10","Sales"
74683,"Takanari","Clouatre","1955-11-21","1988-07-20","Sales"
75142,"Uwe","Speckmann","1955-05-22","1988-02-17","Sales"
75533,"Tomoyuki","Coorg","1954-08-11","1986-01-05","Sales"
75592,"Gretta","Borstler","1954-12-24","1988-04-28","Sales"
75725,"Stella","Rijsenbrij","1955-04-22","1986-05-11","Sales"
75741,"Candido","Birsak","1955-05-22","1985-07-09","Sales"
76142,"Nikolaos","Ambroszkiewicz","1954-04-02","1985-02-25","Sales"
76252,"Marco","Khamsi","1953-06-30","1987-05-21","Sales"
76331,"Jaroslava","Delgrange","1953-11-26","1988-09-12","Sales"
76516,"Arnd","Kroll","1954-04-18","1987-10-28","Sales"
77186,"Irene","Crooks","1955-06-09","1985-10-27","Sales"
77214,"Fumitake","Kulisch","1955-07-28","1985-09-27","Sales"
77232,"Kinh","Krogh","1955-05-28","1985-11-13","Sales"
77481,"Kitty","Picel","1952-10-08","1986-10-31","Sales"
78111,"Teunis","Ushiama","1953-12-20","1986-02-26","Sales"
78413,"Toshimi","Jenevein","1954-03-28","1988-01-17","Sales"
78819,"Vojin","Compeau","1955-07-28","1985-03-12","Sales"
79204,"Juyoung","Lund","1953-08-16","1986-03-12","Sales"
79251,"Gennady","Taubenfeld","1955-07-31","1985-05-27","Sales"
79538,"Elvis","Melton","1955-12-27","1986-12-24","Sales"
79566,"Fumino","Peron","1953-06-29","1988-11-26","Sales"
79683,"Narain","Winter","1954-05-20","1986-06-20","Sales"
79772,"Xiaoqiu","Gulik","1955-04-22","1987-11-13","Sales"
80258,"Hirochika","Hiyoshi","1955-03-06","1988-01-11","Sales"
80744,"Badri","Bauknecht","1954-11-18","1986-07-17","Sales"
80873,"Marsal","Nishimukai","1953-07-02","1987-08-26","Sales"
81035,"Hsiangchu","Boreale","1955-04-17","1988-10-03","Sales"
81340,"Baocai","Poehlman","1953-04-23","1987-09-24","Sales"
81358,"Premal","Quadeer","1954-10-09","1985-04-19","Sales"
81717,"Toney","Anguita","1955-06-05","1987-10-16","Sales"
82052,"Lidong","Rahier","1952-05-16","1987-07-13","Sales"
82107,"Gunilla","Heping","1952-04-07","1985-12-22","Sales"
82367,"Miyeon","Halloran","1954-03-22","1986-11-02","Sales"
82391,"Mayuko","McAffer","1954-08-10","1987-12-20","Sales"
82986,"Fumiko","Cools","1955-10-03","1986-10-12","Sales"
84051,"Kirk","Taubman","1952-08-08","1988-02-03","Sales"
84821,"Magy","Vieri","1954-05-07","1988-11-13","Sales"
84901,"Lucien","Peak","1953-12-16","1987-06-24","Sales"
85204,"Moni","Silva","1952-08-19","1986-12-11","Sales"
85406,"Serap","Matzke","1953-07-27","1986-05-08","Sales"
85696,"Wuxu","Mitzlaff","1953-06-23","1985-10-17","Sales"
85755,"Aloys","Ozeri","1954-08-03","1985-06-01","Sales"
85776,"Dante","Reutenauer","1953-12-13","1985-05-01","Sales"
85901,"Tommaso","Hagimont","1952-04-08","1985-12-11","Sales"
86071,"Premsyl","Kavvadias","1955-07-17","1987-05-16","Sales"
86252,"Mahendra","Selenyi","1955-08-14","1988-05-23","Sales"
86269,"Kristinn","Swift","1953-04-18","1986-12-08","Sales"
86788,"Golgen","Saoudi","1955-11-14","1986-02-08","Sales"
86853,"Dhritiman","Giveon","1954-03-18","1987-05-21","Sales"
87060,"Willard","Birdsall","1955-06-03","1987-03-31","Sales"
87266,"Aral","Stafford","1954-11-16","1987-10-19","Sales"
87869,"Alassane","Luit","1955-07-21","1986-01-19","Sales"
87992,"Moriyoshi","Iivonen","1955-08-24","1986-12-23","Sales"
88190,"Lech","Radivojevic","1953-02-02","1987-10-04","Sales"
88269,"Demin","Kaelbling","1955-03-30","1986-08-09","Sales"
88806,"Laurentiu","Ernst","1955-03-06","1987-09-07","Sales"
88938,"Rosine","Detkin","1955-08-29","1986-04-22","Sales"
89051,"Demos","Ritzmann","1953-10-22","1987-09-05","Sales"
89074,"Dmitry","Chandrasekhar","1955-09-09","1987-05-20","Sales"
89379,"Akeel","Bisiani","1952-02-07","1986-07-28","Sales"
90403,"Yucel","Gilg","1955-11-15","1987-04-16","Sales"
90637,"Kauko","Kusakabe","1952-08-01","1986-02-03","Sales"
90776,"Bouchung","Skrikant","1954-01-26","1986-09-17","Sales"
90880,"Prodip","Einsfeld","1953-03-29","1986-01-18","Sales"
91150,"Kwee","Schaad","1952-06-26","1987-11-03","Sales"
91187,"Shigehito","Falby","1955-04-21","1986-05-19","Sales"
91517,"Serif","Hofstetter","1952-12-18","1986-04-20","Sales"
91891,"Mariusz","Peac","1955-05-06","1985-09-19","Sales"
92754,"Yucai","Kushnir","1954-09-19","1985-03-26","Sales"
92965,"Weiye","Salinas","1955-08-20","1985-10-03","Sales"
93161,"Giao","Garrabrants","1955-12-13","1986-12-04","Sales"
93416,"Naftaly","Flowers","1955-04-13","1986-05-15","Sales"
93742,"Shay","Ushiama","1952-04-06","1986-11-15","Sales"
94164,"Frazer","Naumovich","1955-02-10","1986-09-27","Sales"
94425,"Kersti","Nergos","1955-04-07","1988-07-07","Sales"
95639,"Maja","Schapire","1952-04-21","1987-02-11","Sales"
96562,"Abdulah","Ghemri","1953-07-22","1987-01-08","Sales"
96769,"Arun","Parascandalo","1952-03-20","1985-06-22","Sales"
96911,"Hirochika","Jeansoulin","1954-05-31","1988-06-11","Sales"
97577,"Masato","Perna","1953-05-17","1985-02-17","Sales"
97654,"Martijn","Wynblatt","1952-07-07","1986-02-25","Sales"
98060,"Tzvetan","Speckmann","1954-03-20","1986-09-29","Sales"
98663,"Serenella","Segond","1955-06-10","1985-07-14","Sales"
98713,"Stabislas","Luit","1955-06-09","1986-02-23","Sales"
99221,"Masamitsu","Fiebach","1952-05-12","1985-02-28","Sales"
99671,"Tsuneo","Leppanen","1955-09-25","1985-06-10","Sales"
99740,"Adly","Wiegley","1952-04-28","1986-07-29","Sales"
99775,"Shigeaki","Denis","1953-01-29","1986-10-12","Sales"
100024,"Godehard","Pelz","1952-05-17","1986-08-14","Sales"
100108,"Kwangho","Underwood","1952-03-12","1988-09-26","Sales"
100142,"Terresa","Isard","1954-10-11","1988-12-10","Sales"
100246,"Berna","Jording","1954-07-31","1987-04-28","Sales"
100274,"Fei","Miyakawa","1953-05-13","1986-10-07","Sales"
101098,"Maya","Norsworthy","1954-11-11","1986-06-27","Sales"
101564,"Gay","Liedekerke","1955-09-14","1987-03-20","Sales"
102115,"Keiichiro","Kobara","1955-02-21","1986-10-18","Sales"
103782,"Sigeru","Baez","1952-12-08","1986-07-01","Sales"
104073,"Vitali","Peral","1952-06-07","1988-02-05","Sales"
104091,"Shrikanth","Mawatari","1953-05-21","1987-02-17","Sales"
104772,"Yannik","VanScheik","1953-04-16","1986-08-09","Sales"
104812,"Hideo","Fujisawa","1953-06-20","1985-08-08","Sales"
105264,"Chrisa","Simkin","1954-04-15","1987-03-29","Sales"
105722,"Maik","Riefers","1953-03-25","1985-04-15","Sales"
106036,"Radoslaw","Puppe","1952-03-16","1986-12-11","Sales"
106293,"Froduald","Schicker","1953-09-03","1987-11-18","Sales"
106383,"Yechezkel","Denny","1954-12-03","1988-07-25","Sales"
106897,"Susanna","Chaudhury","1953-09-13","1985-03-24","Sales"
107330,"Navid","Bednarek","1953-07-17","1988-05-21","Sales"
107359,"Xiong","Lamma","1954-09-10","1987-12-05","Sales"
107474,"Taiji","Goodrum","1954-09-29","1988-02-24","Sales"
107997,"Masoud","Perfilyeva","1953-07-16","1985-07-19","Sales"
108053,"Abdelghani","Nilsson","1953-09-02","1985-07-14","Sales"
108138,"Berto","Middleton","1953-06-26","1986-03-03","Sales"
108440,"Xiaoqiang","Conta","1952-07-14","1987-04-27","Sales"
109083,"Moto","Merel","1954-06-16","1987-06-10","Sales"
109514,"Piyawadee","Zlotek","1953-07-26","1985-09-04","Sales"
109643,"Faiza","Ratzlaff","1952-08-05","1985-04-25","Sales"
109993,"Danel","Furudate","1953-10-19","1986-11-04","Sales"
200564,"Elrique","Kenevan","1954-11-13","1987-12-30","Sales"
200714,"JoAnne","Sudbeck","1955-12-14","1985-06-29","Sales"
200743,"Annemarie","Roohalamini","1953-07-16","1986-10-16","Sales"
200809,"Arvin","Basawa","1954-02-24","1986-04-19","Sales"
200956,"Alassane","Kadhim","1955-07-14","1985-10-09","Sales"
200985,"Shichao","Gecseg","1954-03-23","1985-04-26","Sales"
201141,"Jiafu","Zielinski","1953-01-19","1986-08-19","Sales"
201614,"Mingsen","Swick","1955-09-14","1988-01-19","Sales"
201979,"Takanari","Dymetman","1953-08-26","1987-02-22","Sales"
202042,"Margareta","Strehl","1955-01-16","1988-01-16","Sales"
202063,"Xiaoqiu","Flanders","1952-12-10","1985-04-24","Sales"
202473,"Sigeru","Perry","1953-01-20","1986-01-28","Sales"
202614,"Constantino","Chleq","1955-01-12","1985-07-18","Sales"
203069,"Hidekazu","DiGiano","1954-12-22","1986-10-09","Sales"
203214,"Paraskevi","Kilgour","1955-08-28","1987-05-20","Sales"
203319,"Caolyn","Ramsay","1953-06-02","1986-02-24","Sales"
203570,"Arumugam","Walstra","1953-10-26","1986-09-18","Sales"
204062,"Kerhong","Fadgyas","1952-08-27","1986-08-30","Sales"
204104,"Patricio","Usdin","1952-05-12","1986-10-28","Sales"
204110,"Shaw","Kalsbeek","1954-08-29","1988-06-29","Sales"
204237,"Gay","Kumaresan","1952-10-18","1985-02-02","Sales"
205037,"Ferdinand","Speek","1955-07-01","1988-09-07","Sales"
205207,"Ramalingam","Borstler","1953-11-05","1988-04-12","Sales"
205921,"Bangqing","Chartres","1952-12-23","1987-09-07","Sales"
206578,"Deborah","Onuegbe","1953-02-25","1986-11-26","Sales"
206668,"Jaana","Rabejac","1953-12-24","1986-06-18","Sales"
206686,"Shin","Mondadori","1953-03-26","1988-10-01","Sales"
207960,"Aron","Uludag","1954-08-21","1985-11-08","Sales"
208638,"Khatoun","Zobel","1953-06-11","1985-11-12","Sales"
209463,"Arun","Masand","1953-12-27","1985-10-19","Sales"
209654,"Aksel","Stiles","1955-02-02","1986-10-02","Sales"
209771,"Vitali","Muniz","1953-06-24","1986-04-20","Sales"
210154,"Kristine","Salverda","1952-08-03","1985-03-07","Sales"
210172,"Pantung","Haddadi","1952-04-23","1987-05-11","Sales"
210677,"Gor","Oehlmann","1955-08-06","1987-01-19","Sales"
210865,"Olivera","Koyama","1953-09-15","1986-06-29","Sales"
210985,"Reinhard","Bauknecht","1955-01-30","1987-08-02","Sales"
211063,"Rafols","Mahmud","1954-01-01","1985-05-18","Sales"
211333,"Geoffry","Tetzlaff","1955-06-19","1987-06-04","Sales"
212117,"Gill","Hutter","1952-12-31","1988-06-23","Sales"
212423,"Reinhold","Demke","1954-06-30","1987-03-14","Sales"
212591,"Sigeru","Ravishankar","1953-12-31","1988-08-30","Sales"
213159,"Arto","Picco","1954-05-12","1985-08-30","Sales"
213964,"Shawna","Limongiello","1952-05-16","1988-02-23","Sales"
214183,"Nathalie","Parfitt","1952-05-16","1986-03-04","Sales"
214540,"Boaz","Butner","1952-09-07","1985-06-03","Sales"
214796,"Leah","Cronau","1954-07-31","1988-05-02","Sales"
215142,"Danil","Kushner","1954-10-22","1986-06-14","Sales"
215247,"Tonny","Hellwagner","1955-02-13","1986-12-03","Sales"
215285,"Kazuhira","Osgood","1955-10-03","1988-04-01","Sales"
215402,"Sanjiv","Prochazka","1955-01-02","1985-06-26","Sales"
216321,"Masami","Lores","1953-07-26","1987-09-05","Sales"
216580,"Susuma","Facello","1954-02-02","1987-01-02","Sales"
216670,"Sreenivas","Paludetto","1953-05-15","1986-01-04","Sales"
216748,"Salvador","Jervis","1954-10-09","1987-07-29","Sales"
216813,"Atreye","Lorys","1955-11-14","1987-11-19","Sales"
217350,"Bernardo","Bauknecht","1954-11-27","1988-07-29","Sales"
217385,"Sadun","Smailagic","1952-09-12","1988-09-24","Sales"
217559,"Taizo","Cappelli","1952-06-16","1987-06-25","Sales"
217792,"Radhia","Gaughan","1954-08-23","1987-08-05","Sales"
218291,"Martine","Kalloufi","1953-09-16","1987-12-20","Sales"
218616,"Haldon","Montemayor","1955-11-25","1986-12-10","Sales"
218714,"Tsuneo","Karlin","1952-11-05","1985-02-20","Sales"
218739,"Dannz","Vadhan","1954-12-28","1985-08-23","Sales"
219551,"Sampalli","Wuwongse","1952-11-09","1987-11-24","Sales"
219649,"Margo","Benaini","1953-12-14","1985-07-10","Sales"
219778,"Chuanti","Ishibashi","1952-05-15","1986-08-28","Sales"
220491,"Ramzi","Chenney","1954-01-27","1986-03-30","Sales"
220657,"Krisda","Sinitsyn","1955-05-24","1986-06-23","Sales"
221172,"DAIDA","Bugaenko","1955-08-04","1986-01-22","Sales"
221267,"Mizuhito","Hertweck","1955-07-19","1985-09-30","Sales"
221577,"Gita","Capobianchi","1952-03-21","1985-09-13","Sales"
222559,"Arvind","Mitina","1953-05-02","1985-12-07","Sales"
222587,"Kiyokazu","Chiola","1953-10-06","1986-01-04","Sales"
223750,"Shaibal","Dayana","1955-02-05","1985-11-15","Sales"
224030,"Atreyi","Sommen","1952-08-03","1988-02-23","Sales"
224162,"Munenori","Olano","1954-06-25","1987-07-16","Sales"
224222,"Sumant","Thorensen","1955-05-25","1987-01-17","Sales"
224352,"Adin","Talmor","1952-04-06","1986-06-06","Sales"
224694,"Arfst","Collette","1954-01-16","1986-08-26","Sales"
225306,"Wonhee","Pagter","1952-08-26","1985-07-02","Sales"
225840,"Moti","Rodier","1954-09-10","1987-06-20","Sales"
225992,"Sverrir","Zedlitz","1953-08-29","1985-09-29","Sales"
226095,"Unal","Kalsbeek","1952-09-25","1988-08-22","Sales"
226269,"Collette","Zhiwei","1955-03-03","1988-03-11","Sales"
227125,"Kiyokazu","Luby","1953-08-17","1988-05-08","Sales"
227877,"Leszek","Tsukune","1952-07-03","1987-09-19","Sales"
228546,"Matk","Chiodo","1955-02-26","1988-08-25","Sales"
228548,"Khosrow","Mundy","1952-05-17","1985-08-03","Sales"
228576,"Owen","Motley","1953-09-15","1987-09-25","Sales"
228654,"Sudharsan","Chachaty","1952-11-16","1986-09-10","Sales"
228895,"Ugo","Fontan","1954-11-14","1988-01-02","Sales"
229539,"Torsten","Kawashima","1952-04-11","1988-04-28","Sales"
229544,"Heon","Panangaden","1952-05-20","1986-07-29","Sales"
229552,"Utpal","Shackel","1955-11-19","1985-05-16","Sales"
229997,"Fai","Zwicker","1954-01-11","1986-09-01","Sales"
230006,"Yifei","Whittlesey","1955-03-16","1986-12-12","Sales"
230022,"Xuedong","Skogmar","1952-11-07","1988-02-02","Sales"
230054,"Xiaoshan","Waschkowski","1954-07-24","1986-04-09","Sales"
230074,"Zito","Templeman","1953-05-01","1987-09-20","Sales"
230723,"Shimshon","Portugali","1952-03-21","1986-05-21","Sales"
230744,"Shushma","Middleton","1953-11-02","1985-05-29","Sales"
230883,"Pradeep","Kawashima","1952-03-06","1988-04-25","Sales"
231003,"Hidde","Stamatiou","1954-01-01","1987-12-04","Sales"
231858,"Geoffry","Baez","1954-12-03","1988-06-07","Sales"
232078,"Susuma","Beerel","1955-01-01","1986-02-05","Sales"
232098,"Margareta","Bale","1955-02-14","1987-10-23","Sales"
232102,"Hidekazu","Ramsay","1955-07-27","1986-11-10","Sales"
232569,"Boalin","Benzaken","1954-07-23","1986-08-18","Sales"
232690,"Mikhail","Ranon","1952-02-22","1986-01-26","Sales"
232753,"Tadanori","Sudbeck","1953-11-09","1985-04-09","Sales"
233588,"Gill","Genin","1952-05-30","1988-09-27","Sales"
233701,"Shen","Nollmann","1952-05-10","1986-09-28","Sales"
233878,"Shigenori","Vanwelkenhuysen","1955-05-08","1986-03-15","Sales"
234024,"Yuqun","Ventosa","1953-12-07","1986-05-07","Sales"
234310,"Bojan","Murtagh","1953-11-18","1986-07-01","Sales"
235134,"Masami","Bratsberg","1952-12-14","1985-02-20","Sales"
235626,"Mizuhito","Loncour","1953-03-02","1985-11-30","Sales"
235710,"Sachem","Bonifati","1954-01-25","1986-12-22","Sales"
236097,"Hatim","Serot","1952-06-23","1986-06-24","Sales"
236417,"Nikolaus","Beilner","1952-06-27","1987-12-02","Sales"
236727,"Duri","Staylopatis","1954-04-29","1985-07-02","Sales"
237202,"Hongzhu","Hettesheimer","1953-04-24","1985-04-24","Sales"
237340,"Aris","Negoita","1955-01-18","1985-07-22","Sales"
237894,"Jiang","Dalton","1954-02-06","1985-04-01","Sales"
238160,"Edwin","Merks","1955-01-19","1986-03-14","Sales"
238172,"Radhia","Vuskovic","1955-07-22","1986-03-28","Sales"
238360,"Demin","Basawa","1954-06-28","1986-10-27","Sales"
239139,"Kristinn","Varman","1954-11-24","1986-01-13","Sales"
239341,"Shigehiro","Gecsei","1954-02-21","1985-07-07","Sales"
239606,"Susanta","Brookman","1953-12-30","1987-10-27","Sales"
239728,"Nalini","Bazzichi","1954-10-08","1988-08-06","Sales"
240639,"Mountaz","Bratten","1952-08-11","1987-08-01","Sales"
240684,"Masaki","Bain","1953-04-01","1985-05-17","Sales"
241031,"Kauko","Bain","1955-06-14","1988-10-13","Sales"
241071,"Jovan","Tetzlaff","1953-12-28","1986-03-10","Sales"
241145,"Kwee","Sundgren","1952-08-02","1987-08-10","Sales"
241595,"Oddvar","Muhling","1954-12-11","1988-11-26","Sales"
241784,"Francesca","Lamparter","1953-05-07","1986-07-27","Sales"
241926,"Matk","Debuse","1953-07-22","1986-01-30","Sales"
242248,"Nishit","Garnick","1952-06-21","1987-01-14","Sales"
242686,"Mart","Koblitz","1954-10-19","1988-07-12","Sales"
243024,"Girolamo","Sherertz","1953-02-21","1985-10-07","Sales"
244148,"Chikako","Heusch","1953-07-18","1988-03-21","Sales"
244323,"Zhongwei","Emmerich","1954-01-10","1987-08-08","Sales"
245352,"Randi","Mattern","1953-08-05","1986-05-08","Sales"
245719,"Ayonca","Lowrie","1954-06-16","1985-02-23","Sales"
245882,"Vasilis","Rosiles","1955-09-25","1988-05-03","Sales"
246005,"Marke","Hanratty","1953-06-11","1987-04-15","Sales"
246165,"Hironobu","Spinelli","1952-10-23","1987-02-23","Sales"
246182,"Jahangir","Heydon","1953-11-12","1987-03-03","Sales"
246959,"Tomoyuki","Lindenbaum","1952-03-06","1987-01-17","Sales"
247477,"Alenka","Kropp","1952-08-24","1988-03-07","Sales"
247540,"Parviz","Murthy","1955-08-26","1985-08-27","Sales"
247855,"Shao","Yamaashi","1955-11-07","1987-03-08","Sales"
247951,"Heeju","Rando","1955-10-20","1987-05-26","Sales"
248988,"Lokesh","Wynblatt","1952-12-17","1986-05-21","Sales"
249306,"Sadok","Bahl","1952-11-10","1985-10-16","Sales"
249355,"Manu","Kalafatis","1953-11-22","1985-12-12","Sales"
250244,"Shunichi","Muntz","1955-10-10","1987-11-14","Sales"
250376,"Boutros","Leijenhorst","1955-07-10","1986-10-26","Sales"
250473,"Miomir","Raoux","1955-10-13","1986-11-22","Sales"
250531,"Emdad","Panienski","1953-08-29","1988-02-20","Sales"
250886,"Kagan","Busillo","1955-06-11","1986-01-31","Sales"
251237,"Cedric","Miara","1952-03-03","1988-04-17","Sales"
251565,"Gill","Vuskovic","1955-06-04","1985-11-06","Sales"
252199,"Ute","Cannard","1954-07-28","1986-05-06","Sales"
252317,"Murthy","Erie","1952-09-16","1985-08-03","Sales"
252779,"Mokhtar","Cromarty","1952-02-29","1986-10-20","Sales"
253184,"Mokhtar","Riexinger","1955-01-26","1985-03-24","Sales"
253632,"Pohua","Bresenham","1955-05-07","1987-07-12","Sales"
254070,"Kenroku","Marwedel","1954-09-06","1986-05-07","Sales"
254279,"Huiqun","Swen","1954-12-19","1988-03-21","Sales"
254464,"Kazuhito","Matteis","1954-01-22","1987-02-02","Sales"
254823,"Serif","Streit","1952-06-24","1986-03-17","Sales"
255151,"Rasiah","Reghbati","1953-06-16","1985-02-19","Sales"
255456,"Aleksandar","Tibblin","1953-05-19","1985-03-13","Sales"
255717,"Hein","Walstra","1955-01-24","1988-12-08","Sales"
255835,"Insup","Henders","1952-02-10","1988-08-08","Sales"
256521,"Bangqing","Kampfer","1955-05-10","1987-02-23","Sales"
256657,"Terresa","Baumann","1953-10-10","1987-07-29","Sales"
256866,"Yolla","Marshall","1955-09-08","1986-02-01","Sales"
257154,"Kazuhiro","Vrecion","1954-06-17","1986-10-22","Sales"
257665,"Keiichiro","Gide","1952-09-26","1987-08-03","Sales"
258389,"Weiyi","Hemaspaandra","1955-01-03","1987-07-05","Sales"
258521,"Felicidad","Pintelas","1955-06-26","1987-10-10","Sales"
258827,"Zhiguo","Pusterhofer","1953-05-27","1987-06-12","Sales"
258850,"Werner","Heuter","1955-05-12","1986-11-07","Sales"
259311,"Menkae","Hofstetter","1954-07-28","1987-10-26","Sales"
259902,"Elrique","Pokrovskii","1954-03-06","1985-02-28","Sales"
260082,"Gina","Swan","1955-03-17","1986-10-13","Sales"
260101,"Dhritiman","Ghazalie","1952-06-09","1988-07-28","Sales"
260581,"Gritta","Maliniak","1952-12-23","1985-11-21","Sales"
261007,"Yakkov","Jayawardene","1952-10-14","1988-12-09","Sales"
261053,"Uwe","Honglei","1955-08-07","1988-03-06","Sales"
261127,"Tremaine","Pena","1954-10-11","1986-05-19","Sales"
261451,"Randi","Gide","1954-06-04","1985-09-12","Sales"
262057,"Dinah","Bojadziev","1955-02-11","1986-07-19","Sales"
262168,"Youjian","Pews","1954-12-03","1985-11-27","Sales"
262687,"Kamakshi","Stanger","1953-11-18","1986-09-07","Sales"
262868,"Arnould","Seiwald","1952-04-29","1985-11-11","Sales"
263126,"Berry","Hinsberger","1954-01-15","1988-08-06","Sales"
263140,"Abdulla","Iisaku","1955-09-05","1986-02-16","Sales"
263467,"Sverrir","Nilsson","1955-07-10","1985-04-17","Sales"
264013,"Baziley","Stifter","1954-02-20","1987-09-21","Sales"
264760,"Annemarie","Dulin","1954-04-07","1988-01-21","Sales"
264951,"Jagoda","Brobst","1955-04-14","1985-08-07","Sales"
265203,"Debatosh","Sudkamp","1955-11-09","1988-06-25","Sales"
265501,"Paraskevi","Cromarty","1954-09-12","1985-07-10","Sales"
266333,"Moss","Oppitz","1954-02-14","1986-07-11","Sales"
266922,"Koldo","Erde","1954-03-28","1985-12-05","Sales"
267124,"Kwangsub","Bauknecht","1953-03-22","1986-09-03","Sales"
267170,"Tzu","Cheshire","1954-09-13","1986-01-14","Sales"
267467,"Billur","Ramsak","1952-11-14","1986-08-20","Sales"
267781,"Nathan","Bade","1954-06-21","1986-04-19","Sales"
267932,"Paraskevi","Zaiane","1953-09-17","1988-02-03","Sales"
268138,"Changho","Miara","1952-11-25","1988-01-27","Sales"
268981,"Miomir","Schusler","1954-04-18","1986-10-26","Sales"
269008,"Ranga","Emmart","1953-12-15","1988-12-24","Sales"
269117,"Pranav","Basart","1955-01-05","1988-12-01","Sales"
269202,"Jagoda","Rahier","1954-12-10","1987-12-30","Sales"
269922,"Susanna","Kakkar","1952-09-03","1987-03-17","Sales"
269923,"Sanjiv","Vadhan","1955-09-11","1986-10-06","Sales"
270371,"Moon","Capobianchi","1955-05-13","1987-07-08","Sales"
270383,"Marsha","Boguraev","1952-02-18","1988-12-30","Sales"
270735,"Yucai","Beausoleil","1952-12-28","1988-07-22","Sales"
270810,"Gonzalo","Braccini","1953-04-14","1986-11-08","Sales"
271319,"Hideo","Rosin","1952-02-29","1986-01-14","Sales"
271703,"Debatosh","Flowers","1954-06-28","1985-10-23","Sales"
272317,"Zhiguo","Luga","1954-03-02","1987-07-24","Sales"
272438,"Tonia","Litecky","1954-06-08","1988-06-22","Sales"
272541,"Arie","Bade","1954-02-24","1988-01-21","Sales"
272637,"Remzi","Greibach","1955-06-23","1988-08-05","Sales"
272780,"Neven","Lemarechal","1953-03-14","1987-01-07","Sales"
273129,"Sumant","Whitcomb","1952-12-31","1988-05-06","Sales"
273144,"Vasilii","Leivant","1953-06-05","1988-10-23","Sales"
274017,"Mona","Fortenbacher","1954-04-08","1987-04-02","Sales"
274441,"Marla","Denis","1953-06-04","1988-11-22","Sales"
274816,"Shigehiro","Minakawa","1954-02-07","1986-04-28","Sales"
274903,"Fusako","Crooks","1955-01-21","1985-04-10","Sales"
274932,"Mikhail","Schmiedel","1954-05-16","1987-01-11","Sales"
274991,"Xinyu","Gide","1953-08-17","1988-12-26","Sales"
275001,"Katsuo","Mitina","1952-02-07","1985-02-10","Sales"
275639,"Kasturi","Claffy","1955-11-08","1986-01-31","Sales"
275751,"Pohua","Restivo","1953-04-28","1985-04-29","Sales"
276502,"Indrajit","Segond","1954-02-09","1985-06-15","Sales"
276632,"Otmar","Menyhert","1953-10-20","1987-12-06","Sales"
276768,"Barry","Chinal","1953-08-05","1988-10-19","Sales"
277144,"Vishv","Munck","1952-02-10","1986-09-04","Sales"
277376,"Indrajit","Unno","1955-05-08","1987-10-15","Sales"
277853,"Manibrata","Bale","1952-03-16","1987-07-18","Sales"
278134,"Sorina","Crouzet","1953-01-15","1985-10-19","Sales"
278619,"Malu","Denis","1952-10-20","1988-07-14","Sales"
278764,"Koichi","Lueh","1952-04-12","1988-04-12","Sales"
279643,"Kiam","Massonet","1954-03-04","1988-04-09","Sales"
279776,"Mohammed","Moehrke","1955-05-06","1986-06-10","Sales"
280476,"Harngdar","Mandelberg","1954-05-21","1987-08-10","Sales"
280483,"Naraig","Jeong","1952-05-29","1987-01-05","Sales"
280860,"Gudjon","Syang","1953-12-26","1985-12-25","Sales"
280924,"Sigeru","Merey","1953-06-04","1988-04-20","Sales"
281259,"Marek","Feinberg","1952-04-26","1988-04-26","Sales"
281261,"Shuichi","Molberg","1955-07-02","1985-08-19","Sales"
281760,"Fumiyo","Cronau","1954-03-30","1985-02-03","Sales"
282036,"Oguz","Ranum","1954-08-25","1985-08-07","Sales"
282743,"Becky","Paludetto","1954-10-08","1986-01-24","Sales"
283050,"Juichirou","Kusalik","1954-09-16","1986-03-26","Sales"
284560,"Adin","Valiente","1955-02-04","1986-09-15","Sales"
284594,"Sahrah","Rouquie","1952-02-02","1987-05-28","Sales"
284720,"Heping","Falster","1953-08-23","1987-10-04","Sales"
285393,"Carrsten","Kaelbling","1953-10-31","1986-08-31","Sales"
285609,"Tetsushi","Uludag","1953-05-05","1988-07-06","Sales"
285637,"Surveyors","Crelier","1953-03-30","1988-03-02","Sales"
285659,"Mabhin","Lorys","1953-04-06","1986-10-23","Sales"
285988,"Perla","Back","1955-11-01","1988-09-22","Sales"
286090,"Shaw","Sewelson","1955-01-21","1987-05-08","Sales"
287624,"Francesca","Ambroszkiewicz","1952-03-22","1987-12-22","Sales"
288071,"Supot","Shanbhogue","1954-08-09","1988-11-22","Sales"
288332,"Sibyl","Douceur","1953-12-16","1986-07-23","Sales"
288578,"Boguslaw","Birrer","1952-11-21","1986-04-09","Sales"
288658,"Giordano","Halloran","1955-05-20","1987-03-16","Sales"
289025,"Feixiong","Fordan","1953-12-20","1986-11-25","Sales"
289712,"Karsten","Brookner","1955-10-12","1985-02-14","Sales"
289847,"Leen","Wissmann","1952-09-30","1988-02-15","Sales"
290434,"Mohan","Ferriere","1953-03-10","1987-07-08","Sales"
291119,"Bernice","Huxford","1952-10-25","1986-09-28","Sales"
291245,"Shahab","Lueh","1955-12-12","1987-03-10","Sales"
291607,"Boguslaw","Swift","1954-08-02","1988-06-10","Sales"
291649,"Arnould","Kruskal","1952-11-14","1985-03-07","Sales"
292032,"Herb","Siprelle","1952-03-15","1985-06-18","Sales"
292281,"Lakshmi","Bardell","1952-07-24","1985-04-24","Sales"
293355,"Huan","Kolvik","1955-10-21","1987-04-22","Sales"
293703,"Serap","Munawer","1955-12-07","1986-02-28","Sales"
294319,"Geoffry","Bach","1955-11-11","1986-11-17","Sales"
294398,"Kazuhiko","Ruemmler","1954-04-25","1988-11-23","Sales"
295089,"Gina","Shimshoni","1954-09-29","1987-06-30","Sales"
295665,"Fabrizio","Socorro","1953-05-21","1987-12-25","Sales"
296288,"Muzhong","Vecchi","1954-08-05","1987-07-25","Sales"
296735,"Satyanarayana","Iacovou","1953-07-18","1988-01-26","Sales"
296848,"Jianhua","Kermarrec","1954-11-10","1986-10-05","Sales"
296901,"Margo","Ranai","1954-11-04","1988-09-03","Sales"
297307,"Michaela","Trelles","1952-09-15","1988-03-09","Sales"
297883,"Huan","Roohalamini","1953-06-20","1985-12-16","Sales"
298700,"Teunis","Monkewich","1955-01-12","1988-08-02","Sales"
298721,"Dannz","Dengi","1955-12-31","1985-10-03","Sales"
298802,"Shan","Muchinsky","1955-03-30","1988-02-10","Sales"
299036,"Geoffrey","Wolniewicz","1955-04-23","1988-04-24","Sales"
299114,"Emran","Thisen","1952-02-26","1986-08-13","Sales"
299247,"Takushi","Tchuente","1952-02-12","1986-12-28","Sales"
299634,"Freyja","Frezza","1954-12-08","1986-12-24","Sales"
400242,"Hairong","Prochazka","1954-02-28","1985-03-13","Sales"
400362,"Josyula","Luders","1952-10-28","1987-02-12","Sales"
400975,"Toshiko","Gniady","1955-07-21","1985-08-24","Sales"
401179,"Conrado","Kalloufi","1955-05-28","1985-12-07","Sales"
401384,"Gay","Dulay","1955-09-15","1985-05-27","Sales"
401817,"Ayakannu","Samarati","1954-10-27","1985-12-28","Sales"
401865,"Eberhardt","Emmart","1954-07-02","1986-07-02","Sales"
401929,"Yolla","Ramras","1955-11-21","1985-03-02","Sales"
402331,"Hidefumi","Bhattacharjee","1955-02-12","1988-07-01","Sales"
402386,"Saniya","Soicher","1954-03-20","1985-11-16","Sales"
402585,"Adamantios","Swick","1952-02-19","1988-04-24","Sales"
403462,"Tze","Munawer","1953-07-04","1988-01-14","Sales"
403586,"Toshimi","Hoogerwoord","1953-10-03","1987-06-15","Sales"
404209,"Shakhar","Buescher","1955-07-07","1985-10-06","Sales"
404686,"Kyoichi","Antonisse","1953-04-12","1986-09-24","Sales"
405175,"Ulises","Smeets","1953-06-15","1986-08-04","Sales"
405382,"Kamakshi","Mansanne","1953-05-29","1986-01-23","Sales"
405630,"Takahiro","Vidya","1954-10-18","1988-03-14","Sales"
405736,"Zhigen","Birdsall","1953-04-07","1986-09-09","Sales"
406439,"Bedir","Usery","1953-10-30","1985-03-09","Sales"
406973,"Adly","Weedon","1955-07-25","1985-12-21","Sales"
407467,"Kiyotoshi","Huxford","1952-03-19","1986-09-07","Sales"
407980,"Gopalakrishnan","Munos","1952-09-10","1986-01-16","Sales"
408216,"Shridhar","Acton","1955-06-29","1985-07-18","Sales"
408536,"Kotesh","Saoudi","1952-12-21","1986-12-02","Sales"
408621,"Masaru","Jiang","1952-06-26","1987-02-17","Sales"
408721,"Moss","Bottner","1954-12-22","1988-04-05","Sales"
408867,"Renee","Gente","1952-09-24","1987-08-01","Sales"
410011,"Lunjin","Selvestrel","1955-06-19","1987-10-31","Sales"
410265,"Alper","Beausoleil","1952-02-24","1988-07-23","Sales"
410356,"Yongqiao","Belinskaya","1954-02-21","1988-07-02","Sales"
410662,"Piyush","Luon","1955-12-01","1986-12-23","Sales"
410720,"Akeno","Pargas","1952-04-29","1985-08-25","Sales"
410744,"Murthy","Papsdorf","1955-08-06","1986-06-17","Sales"
411024,"Bowen","Syrzycki","1954-05-31","1985-09-25","Sales"
411879,"Amstein","Kulisch","1953-08-27","1986-03-21","Sales"
411948,"Eldridge","Rijsenbrij","1954-09-18","1986-04-10","Sales"
412093,"Avishai","Engelmann","1952-11-06","1987-11-14","Sales"
412563,"Petter","Zschoche","1955-03-06","1987-12-07","Sales"
413001,"Nitsan","Monkewich","1955-04-06","1986-10-14","Sales"
413166,"Koldo","Salverda","1955-03-11","1986-01-18","Sales"
415029,"Masaki","Butner","1954-01-08","1988-03-07","Sales"
415375,"Xinyu","Sgarro","1953-02-21","1986-08-02","Sales"
415458,"Dekang","Ponthieu","1952-07-05","1987-12-03","Sales"
416136,"Yonghoan","Reinhard","1953-07-11","1987-08-24","Sales"
416889,"Shay","Menyhert","1954-07-05","1986-12-05","Sales"
416920,"Ekawit","Kossowski","1954-07-31","1986-03-03","Sales"
417206,"Ramachenga","Crouzet","1952-04-18","1987-04-01","Sales"
417959,"Gino","Diderrich","1955-03-06","1986-12-13","Sales"
418094,"Mona","Kolvik","1955-11-28","1985-07-09","Sales"
418855,"Piyawadee","Granlund","1955-03-12","1987-03-01","Sales"
418922,"Shunichi","Ventosa","1953-01-03","1987-04-05","Sales"
419078,"Shiv","Bolotov","1952-03-23","1986-10-12","Sales"
419767,"Uma","Penz","1955-02-21","1987-08-26","Sales"
419844,"Yefim","Blokdijk","1954-10-11","1988-04-27","Sales"
420874,"Jinya","Hiyoshi","1952-03-09","1988-10-13","Sales"
420922,"Peer","Schwartzburd","1954-01-20","1988-10-19","Sales"
421224,"Ebru","Atrawala","1952-07-24","1986-12-22","Sales"
421570,"Shuji","Taubenfeld","1953-06-05","1986-10-12","Sales"
421698,"Flemming","Billawala","1954-09-21","1987-11-05","Sales"
421721,"Shao","Reinhart","1953-09-26","1986-01-01","Sales"
422979,"Kiyokazu","Shihab","1954-04-08","1986-04-23","Sales"
423126,"Valeri","Scallan","1954-04-10","1986-08-31","Sales"
423484,"Geoffrey","Mersereau","1952-05-11","1988-05-02","Sales"
423720,"Barry","Maierhofer","1953-07-09","1985-04-05","Sales"
424298,"Francesca","Chinin","1953-12-15","1987-05-11","Sales"
424946,"Gian","Benzmuller","1954-01-20","1986-05-08","Sales"
424961,"Yaghout","Morris","1954-04-21","1987-03-01","Sales"
425033,"Ekawit","Waleschkowski","1955-01-10","1985-08-17","Sales"
425092,"Ebbe","Meszaros","1953-05-09","1986-03-02","Sales"
425487,"Kellyn","Egerstedt","1954-03-24","1985-08-24","Sales"
426570,"Tamiya","Koshino","1954-04-29","1987-12-21","Sales"
426583,"Alexius","Chimia","1954-09-07","1985-05-21","Sales"
426791,"Alair","Irland","1954-08-09","1985-03-30","Sales"
427024,"Munenori","Niizuma","1955-03-16","1986-12-06","Sales"
427742,"Yongdong","Demke","1952-08-21","1986-04-17","Sales"
427780,"Khue","Montresor","1955-10-22","1987-07-23","Sales"
427874,"Zhiwei","Eiron","1955-04-27","1985-07-09","Sales"
427936,"Fay","Weisert","1954-12-22","1985-06-05","Sales"
428062,"Shirish","Byoun","1952-04-19","1985-11-03","Sales"
428134,"Sadok","McDermid","1952-11-27","1988-08-12","Sales"
428242,"Shuichi","Choobineh","1953-11-12","1985-04-03","Sales"
428594,"Breannda","Aamodt","1954-05-12","1988-07-27","Sales"
429468,"Ennio","Walston","1952-08-05","1988-07-06","Sales"
429573,"Samphel","Castellani","1952-02-18","1986-05-26","Sales"
430179,"Neelam","Serna","1953-01-18","1988-10-06","Sales"
430685,"Sergi","Jenevein","1955-06-25","1987-08-31","Sales"
430844,"George","Mukaidono","1953-07-22","1987-06-09","Sales"
431248,"Reuven","Perri","1954-05-20","1985-06-12","Sales"
431292,"Uli","Schaaf","1953-05-09","1988-12-25","Sales"
431853,"Doohun","Hooghiemstra","1953-12-20","1987-02-11","Sales"
432188,"Yishai","Haraldson","1955-11-23","1986-08-26","Sales"
432497,"Sreekrishna","Champarnaud","1955-07-11","1986-02-26","Sales"
432931,"Martial","McAffer","1952-04-09","1986-02-22","Sales"
433307,"Filipp","Norsworthy","1953-01-18","1987-09-09","Sales"
433631,"Bodh","Luff","1952-10-03","1988-12-07","Sales"
433727,"Shalesh","Rosch","1955-06-08","1987-06-18","Sales"
433973,"Behnaam","Speek","1955-02-08","1986-07-07","Sales"
434114,"Nobuyoshi","Portugali","1954-07-23","1988-10-20","Sales"
434250,"Ulises","Jansch","1954-05-20","1985-12-24","Sales"
434690,"Zijian","Hammerschmidt","1952-08-17","1987-12-30","Sales"
434995,"Mads","Yoshimura","1953-06-02","1986-03-12","Sales"
435078,"Hatsukazu","Parfitt","1953-11-26","1988-06-09","Sales"
435327,"Takahito","Geffroy","1954-05-29","1988-09-14","Sales"
436342,"Sreenivas","Lorho","1953-09-16","1986-03-08","Sales"
436501,"Demin","Baby","1952-05-28","1988-11-15","Sales"
437059,"Jouni","Mahnke","1955-02-22","1988-03-23","Sales"
437324,"Luisa","Seghrouchni","1953-08-05","1987-12-28","Sales"
437830,"Bezalel","Plotkin","1952-06-04","1985-02-20","Sales"
438339,"Susanta","Katiyar","1953-08-21","1986-08-16","Sales"
438421,"Danae","Pollacia","1955-10-09","1986-04-06","Sales"
438626,"Shaunak","Roohalamini","1954-01-05","1987-11-26","Sales"
439027,"Munir","Riexinger","1955-07-24","1985-03-03","Sales"
439072,"Snehasis","Kavanagh","1954-07-04","1986-01-18","Sales"
439106,"Guiseppe","Nivat","1953-05-09","1986-10-15","Sales"
439168,"Fatemeh","Penn","1953-10-11","1985-11-04","Sales"
439533,"Kerryn","Bage","1955-08-28","1985-09-04","Sales"
439604,"Bernd","Nations","1955-02-14","1986-08-30","Sales"
439675,"Yuuichi","Atchley","1955-09-13","1987-09-25","Sales"
439948,"Toshimitsu","Hatcliff","1955-11-01","1986-10-22","Sales"
440088,"Serge","Denny","1955-02-26","1987-11-21","Sales"
440169,"Munenori","Holburn","1952-02-12","1985-02-18","Sales"
440259,"Changho","Farris","1954-12-24","1987-08-21","Sales"
440608,"Kiyokazu","Kragelund","1954-04-21","1988-03-14","Sales"
440904,"Eran","Vickson","1955-12-04","1985-04-13","Sales"
441105,"Amabile","Picci","1952-07-16","1985-09-28","Sales"
441873,"Georg","Perri","1953-01-18","1986-09-07","Sales"
442085,"Jeong","Peha","1955-03-29","1987-01-27","Sales"
442752,"Vugranam","Luft","1955-05-20","1986-06-29","Sales"
442998,"Karsten","Streit","1955-09-01","1985-10-23","Sales"
443676,"Masasuke","Gide","1952-03-15","1987-10-25","Sales"
443759,"Branimir","Comte","1955-02-24","1985-09-22","Sales"
443917,"Amstein","Lores","1952-05-26","1985-07-11","Sales"
444605,"Iara","Skafidas","1955-01-09","1986-12-22","Sales"
445020,"Renny","Ligten","1955-06-26","1987-01-02","Sales"
445082,"Gro","Iacovou","1955-09-08","1985-10-21","Sales"
445161,"Janalee","Menyhert","1955-03-01","1986-03-11","Sales"
445715,"Shooichi","Schurmann","1955-05-08","1987-07-14","Sales"
446028,"Youssef","Cummings","1954-04-23","1988-04-26","Sales"
446045,"Margareta","Narwekar","1955-09-11","1986-05-26","Sales"
446937,"Maik","Lamba","1953-08-13","1988-09-09","Sales"
446978,"Hyuckchul","Nollmann","1955-12-29","1985-05-24","Sales"
447092,"Inderjeet","Lorho","1953-12-08","1987-11-14","Sales"
447705,"Giordano","Docker","1955-08-27","1985-03-04","Sales"
448297,"Nahum","Ghelli","1954-09-28","1988-10-05","Sales"
448436,"Yannis","Baalen","1952-04-02","1986-05-06","Sales"
448681,"Fayez","Gini","1954-01-03","1986-12-19","Sales"
449386,"Kwan","Montemayor","1954-07-12","1985-03-08","Sales"
450457,"Fun","Ranka","1952-04-28","1987-04-23","Sales"
450549,"Hyuckchul","Sudbeck","1954-01-05","1985-02-19","Sales"
451316,"Alair","Marakhovsky","1954-08-29","1987-02-27","Sales"
451361,"Kristen","Petersohn","1953-08-12","1985-10-27","Sales"
451768,"Jianhao","Pettey","1952-09-06","1988-06-28","Sales"
452232,"Baziley","Masada","1952-07-31","1988-04-16","Sales"
452233,"Shigenori","Toyoshima","1953-08-27","1988-10-27","Sales"
452388,"Ung","Maraist","1955-04-04","1985-08-20","Sales"
452690,"Maia","Hempstead","1955-02-16","1987-12-13","Sales"
453342,"Sashi","Matzel","1953-12-27","1988-05-21","Sales"
453464,"Ferdinand","Tokunaga","1952-04-24","1985-03-04","Sales"
453596,"Boutros","Petersohn","1952-08-26","1987-12-07","Sales"
453718,"Mohan","Kumaresan","1955-11-23","1988-01-21","Sales"
453972,"Shem","Molenaar","1953-12-05","1986-06-07","Sales"
454516,"Mariusz","Delgrande","1955-05-19","1988-11-29","Sales"
454951,"Weiye","Bauknecht","1954-10-04","1987-02-23","Sales"
455009,"Udaiprakash","Birta","1954-01-26","1985-07-04","Sales"
455529,"Hidefumi","Rodier","1953-02-19","1987-12-03","Sales"
455621,"Paddy","Stanger","1954-02-03","1988-03-08","Sales"
455957,"Mack","Basagni","1954-12-04","1988-11-30","Sales"
456556,"Gay","Ghemri","1953-10-06","1987-01-16","Sales"
456600,"Berhard","Bahr","1955-03-19","1986-02-17","Sales"
456718,"Arumugam","Gurbaxani","1953-10-10","1988-01-25","Sales"
457360,"Fumitaka","Rosar","1954-08-15","1985-11-13","Sales"
459013,"Evgueni","Backhouse","1953-01-21","1988-07-22","Sales"
459016,"Vatsa","Yoshizawa","1954-05-21","1986-02-01","Sales"
459332,"Krassimir","Luan","1953-08-27","1985-05-13","Sales"
459347,"Martijn","Baca","1954-05-09","1988-10-23","Sales"
460549,"Boriana","Pillow","1955-07-16","1985-11-06","Sales"
460755,"Werner","McClurg","1952-11-10","1988-06-02","Sales"
460934,"Utpal","Xiaoshan","1952-07-27","1985-05-30","Sales"
461271,"Constantijn","Erva","1952-07-23","1986-06-16","Sales"
461295,"Insup","Bierman","1954-05-14","1985-10-04","Sales"
461703,"Toshimi","Raczkowsky","1953-03-28","1988-11-04","Sales"
461778,"Chanjung","Vasanthakumar","1955-03-20","1988-11-06","Sales"
461803,"Charmane","Radwan","1955-02-22","1986-01-14","Sales"
461958,"Mohit","Slobodova","1954-04-08","1987-05-18","Sales"
461990,"Jacopo","Norsworthy","1952-05-07","1987-05-05","Sales"
462062,"Francoise","Einsfeld","1952-12-09","1988-10-27","Sales"
463649,"Leaf","Picaronny","1953-01-26","1988-09-24","Sales"
463782,"Teiji","Braccini","1954-07-13","1986-05-16","Sales"
464022,"Bartek","Beznosov","1953-01-22","1986-04-12","Sales"
464242,"Gen","Androutsos","1955-02-28","1985-08-05","Sales"
465072,"Masasuke","Zambonelli","1953-07-01","1988-06-30","Sales"
465547,"Bernice","Alpin","1954-07-16","1987-11-05","Sales"
465783,"Constantino","Tchuente","1952-07-05","1988-04-01","Sales"
466034,"Saniya","Lovengreen","1955-11-11","1986-08-02","Sales"
466186,"Alenka","Redmiles","1954-07-12","1985-03-20","Sales"
466618,"Pascal","Kavanagh","1952-03-24","1987-11-23","Sales"
466740,"Oddvar","Feldhoffer","1955-10-25","1985-06-15","Sales"
467235,"Serge","Zeilberger","1955-10-01","1987-10-17","Sales"
467665,"Gio","Lamma","1953-01-04","1985-04-14","Sales"
467771,"Breannda","Schaad","1955-12-16","1986-08-21","Sales"
467787,"Xiaoqiang","Ferriere","1952-08-06","1987-06-03","Sales"
467876,"Zeydy","Mondadori","1953-02-16","1985-09-12","Sales"
467946,"Randi","Baar","1952-07-08","1986-09-24","Sales"
467970,"Utz","Kuzuoka","1954-04-06","1985-08-04","Sales"
468840,"Sarita","Nitsch","1952-07-01","1988-03-10","Sales"
469091,"Karlis","Baek","1953-04-11","1986-05-17","Sales"
469201,"Yechezkel","Nooteboom","1953-10-25","1986-11-05","Sales"
469899,"Make","Streng","1954-05-14","1988-09-12","Sales"
470017,"Nidapan","Swift","1952-05-01","1985-02-22","Sales"
470494,"Fabrizio","Argence","1952-10-16","1985-09-16","Sales"
470962,"Shaz","Langford","1955-02-20","1986-06-24","Sales"
471295,"Pragnesh","Cronau","1953-02-14","1986-07-11","Sales"
471396,"Monique","Itschner","1954-05-29","1985-06-30","Sales"
471483,"Janalee","Ozeki","1953-07-21","1985-11-04","Sales"
471904,"Youssef","Brender","1953-02-21","1986-05-04","Sales"
472186,"Dung","Janetzko","1953-07-25","1987-01-08","Sales"
472612,"Anyuan","Lanteri","1953-11-18","1986-12-11","Sales"
472709,"Anestis","Majewski","1954-08-24","1986-11-23","Sales"
472959,"Mingdong","Leslie","1953-08-05","1988-04-21","Sales"
473232,"Jagoda","Baez","1954-09-04","1985-11-12","Sales"
473502,"Satyanarayana","Fontet","1952-12-13","1987-02-24","Sales"
473715,"Kwangho","Bultermann","1952-09-18","1986-06-16","Sales"
473783,"Steve","Marchegay","1953-12-29","1987-07-23","Sales"
473812,"Khue","Levergood","1952-11-14","1985-09-03","Sales"
473916,"Leaf","Uludag","1955-06-05","1987-03-31","Sales"
473953,"Janche","Heystek","1953-04-22","1986-08-29","Sales"
473954,"Kristin","Bugrara","1955-12-20","1986-11-19","Sales"
474290,"Fei","Zhiwei","1953-09-04","1986-07-27","Sales"
474353,"Kannan","Zizka","1953-09-06","1985-02-12","Sales"
474577,"Manohar","Plump","1953-11-14","1987-12-20","Sales"
474798,"Chiranjit","Gide","1952-09-02","1985-06-24","Sales"
474921,"Aimee","Baak","1952-03-07","1988-02-10","Sales"
475342,"Arif","Gelosh","1953-04-29","1988-02-17","Sales"
475384,"Kiyokazu","Domenig","1952-12-22","1985-04-09","Sales"
475666,"Kazuhiko","Veevers","1954-03-08","1985-04-14","Sales"
475866,"Akemi","Lunt","1954-06-15","1986-11-22","Sales"
475880,"Szabolcs","Tetzlaff","1953-01-01","1985-03-29","Sales"
476099,"Zhenbing","Massonet","1955-04-12","1986-07-18","Sales"
476166,"Subhada","Quittner","1952-03-16","1988-10-28","Sales"
476822,"Yongqiao","Merli","1952-05-27","1988-07-01","Sales"
476997,"Bowen","Gente","1952-06-02","1985-09-28","Sales"
477197,"Stevo","Spataro","1955-07-29","1986-09-08","Sales"
477923,"Augustine","Conde","1953-08-04","1985-11-06","Sales"
478509,"Luise","Gerlach","1955-01-03","1986-04-26","Sales"
478742,"Renee","Hainaut","1953-08-11","1985-07-26","Sales"
479012,"Kazunori","Docker","1953-07-29","1987-08-29","Sales"
479402,"Martina","Perfilyeva","1952-12-28","1986-01-12","Sales"
480350,"Zijian","Kalloufi","1952-05-13","1987-08-08","Sales"
481231,"Mahendra","Conry","1953-07-27","1986-07-03","Sales"
481847,"Kiyotoshi","Saoudi","1954-05-10","1985-10-18","Sales"
481985,"Constantine","Vakili","1954-09-12","1985-11-05","Sales"
482007,"Satyanarayana","Schrooten","1953-09-25","1985-09-23","Sales"
482136,"Jayson","Tibblin","1955-08-26","1985-09-07","Sales"
482356,"Bikash","Decaestecker","1954-08-05","1987-07-16","Sales"
482493,"Lalit","VanScheik","1953-08-06","1985-12-16","Sales"
482555,"Hyuncheol","Mansanne","1954-12-03","1985-11-30","Sales"
482894,"Greger","Takanami","1952-06-07","1988-01-29","Sales"
483350,"Ramya","Wiegley","1953-08-08","1987-10-16","Sales"
483384,"Arne","Varman","1953-06-13","1988-10-03","Sales"
483572,"Bedrich","Stroustrup","1953-07-13","1988-07-17","Sales"
484087,"Herb","Tagansky","1953-08-10","1985-03-06","Sales"
484568,"Alexius","Bahr","1953-06-12","1986-01-27","Sales"
484574,"Gal","Thimonier","1955-04-30","1988-09-30","Sales"
485604,"Shem","Tagansky","1954-07-01","1988-04-04","Sales"
485754,"Perla","Randi","1955-06-15","1988-01-20","Sales"
485769,"Kinh","Wroclawski","1954-12-16","1986-11-25","Sales"
486083,"Morrie","Rosenbaum","1954-04-30","1986-08-22","Sales"
486168,"Suvo","Roison","1955-03-19","1987-09-15","Sales"
486198,"Jaroslava","Danner","1952-04-25","1985-10-22","Sales"
486225,"Rosita","Asser","1954-11-19","1988-08-19","Sales"
486561,"Jordanka","Sommen","1953-06-17","1985-05-08","Sales"
486753,"Chinho","Hitomi","1954-02-25","1988-01-30","Sales"
487286,"Insup","Copas","1954-11-25","1986-01-03","Sales"
487372,"Arvind","Rosay","1954-05-06","1985-11-30","Sales"
487386,"Byong","Ramaiah","1954-04-02","1987-08-24","Sales"
488794,"Bodo","Serdy","1953-08-14","1987-03-11","Sales"
488800,"Foong","Schieder","1954-10-12","1988-02-20","Sales"
489063,"Jianhui","Penn","1954-01-07","1985-12-09","Sales"
489988,"Girolamo","Henders","1952-12-09","1985-12-27","Sales"
490616,"Taiji","Stifter","1952-02-12","1986-11-28","Sales"
491130,"Sven","Speek","1955-07-13","1986-10-21","Sales"
491213,"Shaowei","Angot","1953-05-25","1986-11-19","Sales"
491562,"Ewing","Denis","1955-04-30","1986-01-19","Sales"
491892,"Arfst","Gruenwald","1954-11-03","1987-04-23","Sales"
491958,"Basim","Lorin","1954-09-20","1987-02-13","Sales"
492170,"Sakthirel","Ushiama","1955-09-03","1986-01-28","Sales"
492323,"Houman","Stanfel","1954-06-10","1986-02-10","Sales"
492633,"Taiji","Malinowski","1954-06-17","1985-09-12","Sales"
492711,"Zita","Marshall","1954-10-18","1987-07-17","Sales"
492799,"LiMin","Ramsak","1955-08-29","1986-07-05","Sales"
492950,"Theron","Wilfing","1954-01-26","1987-10-31","Sales"
493725,"Anneke","Jeansoulin","1955-07-27","1985-05-03","Sales"
494155,"Byong","Schwabacher","1955-09-04","1985-11-13","Sales"
494300,"Zeljko","Oberman","1952-02-06","1986-01-08","Sales"
494909,"Genta","Liedekerke","1952-05-30","1987-02-09","Sales"
495318,"Reinhard","Kornatzky","1955-11-29","1988-08-10","Sales"
495755,"Jiang","Erni","1953-08-28","1986-10-18","Sales"
496341,"Oddvar","Rosay","1952-10-22","1988-08-23","Sales"
496778,"Zijian","Ghazalie","1953-11-06","1987-05-07","Sales"
496829,"Shaleah","DeMori","1955-01-26","1985-03-17","Sales"
497638,"Kinh","Chachaty","1954-06-13","1987-06-27","Sales"
497811,"Sajjad","Vickson","1954-11-03","1988-09-04","Sales"
497876,"Moni","Kavanagh","1954-01-15","1985-12-02","Sales"
498696,"Macha","Zockler","1954-06-12","1988-03-10","Sales"
498736,"Yuping","Hofman","1955-10-01","1986-09-03","Sales"
499206,"Dmitry","Kohling","1954-08-31","1985-09-04","Sales"
499420,"Sangeeta","Impagliazzo","1953-09-03","1987-06-02","Sales"
499444,"Radoslaw","Hofting","1955-07-14","1988-03-26","Sales"
499920,"Christ","Murtagh","1953-07-18","1986-04-17","Sales"
11009,"Alper","Axelband","1954-08-30","1986-09-09","Sales"
12411,"Shao","Ibel","1952-05-31","1986-08-17","Sales"
12478,"Yahiko","Hopewell","1954-10-23","1987-11-22","Sales"
12803,"Gad","Boissier","1952-05-12","1985-03-16","Sales"
13146,"Haldon","Erie","1953-11-01","1985-05-25","Sales"
13186,"Kyoichi","Barbanera","1955-06-19","1986-04-29","Sales"
13238,"Ebru","Foote","1953-02-23","1985-10-30","Sales"
13405,"Randy","Baba","1954-01-19","1986-09-18","Sales"
13786,"Takushi","Berendt","1952-02-27","1988-07-02","Sales"
15330,"Jaroslava","Chinal","1955-10-08","1988-05-30","Sales"
15410,"Wilmer","Kushner","1954-08-18","1987-06-09","Sales"
16355,"Nikolaos","Luca","1953-03-16","1985-09-02","Sales"
16996,"Shigenori","Millington","1952-04-10","1988-12-15","Sales"
17089,"Rafail","Erman","1954-02-08","1985-04-10","Sales"
17352,"Muneo","Katiyar","1954-06-15","1988-09-04","Sales"
17683,"Bernt","Henders","1954-06-04","1987-02-25","Sales"
17791,"Matt","Stifter","1952-09-22","1988-01-30","Sales"
18006,"Vidya","Hanabata","1953-05-25","1987-09-03","Sales"
19012,"Gal","Panangaden","1953-09-12","1987-11-19","Sales"
19109,"Jenwei","Denis","1955-04-05","1985-12-05","Sales"
19669,"Shem","Honiden","1954-09-05","1985-10-29","Sales"
19746,"Shiv","Zeidenstein","1954-09-04","1987-01-29","Sales"
19777,"Halsur","Ferretti","1955-01-19","1988-06-09","Sales"
19940,"Reinhard","Einsfeld","1953-04-27","1987-01-28","Sales"
20130,"Xiaoshan","Picco","1954-10-20","1987-01-05","Sales"
20338,"Reinhard","Butner","1953-06-12","1988-07-14","Sales"
20435,"Oguz","Homond","1952-04-29","1988-06-06","Sales"
20494,"Lucien","Pagter","1953-10-24","1985-10-23","Sales"
20545,"Woody","Chaudhury","1953-11-18","1987-06-17","Sales"
21361,"Shooichi","Lally","1953-11-22","1987-10-04","Sales"
21648,"Mayuko","Fandrianto","1955-09-03","1986-06-19","Sales"
22179,"Rosine","Garnick","1953-05-09","1987-08-21","Sales"
22593,"Danae","Jeansoulin","1955-02-11","1986-06-23","Sales"
22688,"Sham","Ebeling","1954-01-07","1985-12-13","Sales"
22860,"Taizo","Parascandalo","1954-03-12","1986-09-26","Sales"
22863,"Petter","Denna","1952-09-28","1985-04-27","Sales"
22910,"Shawna","Cummings","1954-03-20","1987-02-15","Sales"
23211,"Subir","Pehl","1953-12-13","1988-06-28","Sales"
23362,"Youjian","Yurek","1953-05-15","1986-02-06","Sales"
23384,"Branimir","Reinhard","1955-11-14","1985-06-18","Sales"
23791,"Boguslaw","Pavlopoulou","1953-03-21","1988-07-18","Sales"
24056,"Gladys","Shrader","1955-08-20","1987-01-21","Sales"
24177,"Van","Aumann","1953-05-02","1986-04-09","Sales"
24334,"Zhilian","Brookman","1954-09-18","1987-10-17","Sales"
24613,"Hitofumi","Stifter","1954-06-16","1987-02-13","Sales"
25112,"Muneo","Haraldson","1954-05-20","1987-06-18","Sales"
25600,"Jinpo","McClurg","1954-02-20","1986-10-09","Sales"
25772,"Greger","Marrevee","1952-03-11","1988-04-09","Sales"
25830,"Janalee","Janocha","1953-09-16","1987-08-04","Sales"
26639,"Guadalupe","Weiland","1955-04-29","1987-04-29","Sales"
26811,"Prodip","Farrow","1952-09-08","1987-09-13","Sales"
27800,"Baruch","Sommer","1953-05-25","1986-11-16","Sales"
28689,"Jessie","Lores","1952-07-22","1985-06-20","Sales"
28739,"Elliott","Wixon","1954-04-13","1988-01-15","Sales"
28750,"Guangming","Speckmann","1954-02-15","1986-05-14","Sales"
30209,"Yannis","Aloisi","1953-05-26","1986-11-07","Sales"
30351,"Djenana","Blokdijk","1952-10-27","1985-07-15","Sales"
30748,"Katsuyuki","Uchoa","1954-06-26","1988-07-30","Sales"
31127,"Mizuhito","Puppo","1955-08-08","1987-12-20","Sales"
32027,"Mong","Sidhu","1953-09-03","1985-07-19","Sales"
32303,"Bodh","Merli","1953-02-16","1987-06-22","Sales"
32928,"Shigeu","Kalloufi","1952-04-02","1986-05-05","Sales"
33008,"Keiichiro","Birnbaum","1952-09-24","1988-05-03","Sales"
33698,"Mohan","Dalton","1954-06-24","1986-07-03","Sales"
33812,"Patricio","Basawa","1954-08-11","1986-04-09","Sales"
34150,"Leen","Miculan","1952-09-17","1988-06-25","Sales"
34754,"Maren","Llado","1955-08-07","1985-04-16","Sales"
35046,"Sachem","Luders","1954-02-26","1986-04-29","Sales"
35248,"Tua","Passafiume","1955-08-09","1986-01-18","Sales"
35273,"Zsolt","Mitsuhashi","1954-12-14","1987-05-13","Sales"
35558,"Kshitij","Staudhammer","1953-06-08","1986-12-22","Sales"
36085,"King","Schwabacher","1952-04-11","1986-02-10","Sales"
36585,"Menkae","Aamodt","1954-01-11","1986-02-07","Sales"
36633,"Yonghong","Lortz","1953-03-07","1988-05-18","Sales"
36795,"Nidapan","Einsfeld","1953-11-07","1987-05-07","Sales"
36819,"Tadahiro","Parveen","1952-12-13","1985-08-11","Sales"
36877,"Shahaf","Ranst","1955-11-13","1986-03-31","Sales"
36998,"Phule","Maliniak","1952-08-09","1986-01-17","Sales"
37318,"Alejandro","Isard","1954-02-07","1986-06-09","Sales"
37674,"Vitali","Sinitsyn","1952-11-21","1985-07-11","Sales"
37717,"Arunachalam","Lichtman","1953-12-04","1987-03-28","Sales"
37882,"Alexius","Mellouli","1955-02-06","1988-09-02","Sales"
37977,"Nahid","Scallan","1955-11-11","1985-05-31","Sales"
38677,"Teiji","Trumbly","1952-12-05","1987-05-02","Sales"
39656,"Annemarie","Nannarelli","1954-12-21","1987-02-07","Sales"
39756,"Dmitri","Litecky","1953-07-11","1985-03-15","Sales"
39966,"Utpal","Beidas","1954-02-28","1988-05-29","Sales"
40455,"Weidon","Rubsam","1953-05-23","1985-02-14","Sales"
40639,"Goo","Schnabel","1952-02-11","1988-06-18","Sales"
40764,"Shuky","Senzako","1952-07-29","1986-09-29","Sales"
41140,"Tonny","Bail","1952-10-04","1986-04-02","Sales"
41265,"Torsten","Poulakidas","1955-01-11","1985-12-02","Sales"
41298,"Elvia","Cesareni","1955-06-17","1985-08-29","Sales"
42371,"Pragnesh","Mersereau","1952-08-21","1988-03-02","Sales"
42936,"Chuanti","Nitsche","1952-04-29","1985-06-28","Sales"
43038,"Chaoyi","Nooteboom","1952-02-18","1985-09-12","Sales"
43040,"Ulises","Nittel","1953-01-12","1987-07-11","Sales"
43745,"Temple","Thambidurai","1955-07-30","1988-11-21","Sales"
44042,"Susuma","Ladret","1953-03-10","1987-05-07","Sales"
44691,"Munir","Montresor","1955-12-09","1986-03-12","Sales"
44938,"Valdiodio","Potthoff","1954-12-25","1987-07-11","Sales"
45256,"Berry","Puppo","1952-07-23","1986-03-01","Sales"
45432,"Richard","Barreiro","1952-09-17","1986-03-24","Sales"
47061,"Kinh","Servi","1954-12-27","1986-12-25","Sales"
47770,"Conrado","Sridhar","1953-10-03","1987-06-16","Sales"
48233,"Ugo","Simmel","1954-01-02","1985-05-06","Sales"
48412,"Aimee","Melski","1953-01-31","1988-08-11","Sales"
48970,"Kazuhito","Collette","1953-06-06","1986-12-27","Sales"
49077,"Kasturi","Siprelle","1955-12-03","1986-11-07","Sales"
49096,"Christoper","Picel","1953-03-10","1986-02-13","Sales"
49227,"Anestis","Clouatre","1954-02-12","1988-07-13","Sales"
49335,"Gunilla","Breugel","1954-03-11","1986-05-02","Sales"
49667,"Sakthirel","Pashtan","1954-06-12","1986-05-21","Sales"
50268,"Danil","Borovoy","1953-06-10","1985-08-21","Sales"
50906,"Djenana","Ibel","1952-08-30","1987-05-03","Sales"
51331,"Jackson","Pusterhofer","1955-09-04","1988-10-28","Sales"
51616,"Rafail","Rassart","1954-01-05","1986-03-13","Sales"
51994,"Shigehito","Pluym","1953-10-23","1986-06-02","Sales"
51995,"Zhongwei","Roccetti","1952-12-06","1985-03-16","Sales"
52271,"Nikolaus","Schaft","1955-03-18","1986-01-10","Sales"
52310,"Yongmin","Flexer","1952-07-17","1987-10-01","Sales"
52348,"Junsik","Radwan","1952-06-22","1987-01-06","Sales"
52420,"Badri","Pramanik","1954-09-15","1985-11-04","Sales"
52593,"Shridhar","Lichtman","1954-06-01","1985-03-08","Sales"
52951,"Hauke","Solares","1953-03-10","1986-09-09","Sales"
53012,"Yongdong","Muchinsky","1952-09-25","1986-10-30","Sales"
53977,"Alper","Unno","1955-10-05","1986-06-25","Sales"
54110,"Subir","Rotem","1954-08-08","1985-08-31","Sales"
54425,"Goncalo","Jarecki","1952-04-14","1986-03-03","Sales"
55996,"Stamatina","Bellmore","1952-08-22","1987-10-31","Sales"
56430,"Tesuya","Klassen","1955-09-03","1985-11-08","Sales"
56678,"Murthy","McAffer","1954-06-18","1987-03-01","Sales"
57316,"Kousuke","Journel","1952-05-25","1985-06-20","Sales"
57996,"Zhonghua","Xiaoshan","1953-03-18","1987-06-29","Sales"
58033,"Maren","Etalle","1954-12-19","1986-07-04","Sales"
58080,"Hideyuki","Birta","1955-07-13","1987-08-28","Sales"
58286,"Yechiam","Poujol","1953-01-14","1987-01-15","Sales"
58797,"Xiaoheng","Breugel","1952-06-26","1986-10-03","Sales"
58959,"Younwoo","Gecseg","1952-05-22","1988-12-31","Sales"
59793,"Jayson","Tibblin","1952-05-07","1985-03-25","Sales"
59852,"Divier","Goldhammer","1952-09-05","1986-10-11","Sales"
60217,"Limsoon","Doering","1954-04-18","1985-12-07","Sales"
60338,"Girolamo","Fraisse","1953-10-26","1988-10-28","Sales"
60343,"Munenori","Leppanen","1953-09-28","1985-08-16","Sales"
60469,"Angel","Kampfer","1954-12-29","1985-05-01","Sales"
61549,"Shimshon","Montresor","1955-05-16","1985-11-22","Sales"
61843,"Guenter","Millington","1954-04-20","1988-10-30","Sales"
62080,"Toshimo","Birjandi","1954-04-26","1985-05-03","Sales"
62098,"Breannda","Sommer","1953-10-29","1986-12-26","Sales"
62313,"Stamatina","Ecklund","1955-11-07","1985-03-16","Sales"
62472,"Renee","Buescher","1954-06-03","1986-06-19","Sales"
62633,"Zijian","Gulla","1952-12-21","1985-08-28","Sales"
62696,"Paloma","Callaway","1953-01-16","1987-02-13","Sales"
63257,"Elvis","Trogemann","1952-07-12","1985-11-01","Sales"
63329,"Mart","Schaaf","1955-10-29","1986-12-22","Sales"
63836,"Hitofumi","Petersohn","1952-10-26","1986-08-09","Sales"
64398,"Nectarios","Perna","1952-05-26","1985-02-03","Sales"
64791,"Dinkar","Gerteisen","1952-05-28","1987-06-28","Sales"
65097,"Yinlin","Meszaros","1955-07-06","1988-06-14","Sales"
65131,"Shakhar","Akiyama","1953-03-07","1987-06-21","Sales"
65657,"Arno","Seiwald","1954-10-18","1985-04-11","Sales"
65974,"Fayez","Schicker","1955-08-22","1986-01-17","Sales"
66229,"Dannz","Mayerwieser","1954-03-04","1986-01-06","Sales"
66624,"Huiqun","Bharadwaj","1955-06-27","1986-07-28","Sales"
66716,"Elgin","Kermarrec","1955-03-08","1986-07-21","Sales"
67165,"Chikako","Schapire","1955-05-21","1986-09-01","Sales"
67367,"Karlis","Birch","1954-07-12","1986-08-21","Sales"
67402,"Maya","Ruemmler","1955-09-06","1988-02-04","Sales"
68028,"Richara","Syang","1955-06-21","1985-09-29","Sales"
69216,"Yagil","Bonifati","1953-05-22","1987-04-30","Sales"
69308,"Chinya","Schreiter","1953-10-26","1987-07-21","Sales"
69717,"Boalin","Gecsei","1954-03-17","1986-04-26","Sales"
69897,"Stamatina","Kamber","1952-09-23","1985-11-11","Sales"
69982,"Sanjoy","Lindqvist","1954-06-11","1985-04-26","Sales"
70310,"Neven","Ranai","1954-04-03","1986-02-26","Sales"
70502,"Jiann","Weedon","1953-12-16","1986-09-15","Sales"
70739,"Przemyslawa","Kakkar","1952-02-17","1986-01-17","Sales"
70988,"Ziyad","DasSarma","1954-05-31","1986-09-22","Sales"
71627,"Aria","Ranta","1955-10-10","1986-04-24","Sales"
73462,"Sergi","Pelc","1953-09-23","1986-06-11","Sales"
73685,"Yurii","Fujisaki","1952-05-01","1987-10-13","Sales"
73842,"Seongbin","Esteva","1954-10-22","1985-03-03","Sales"
73855,"Greger","Blokdijk","1954-09-22","1985-03-07","Sales"
74182,"Takushi","Stasinski","1953-01-05","1985-11-07","Sales"
74733,"Val","Sabnani","1953-10-06","1985-08-27","Sales"
75277,"Arne","Demri","1953-05-08","1985-02-23","Sales"
75471,"Karoline","Simmen","1953-02-28","1988-06-19","Sales"
75505,"Jacopo","Isaac","1955-05-05","1985-06-18","Sales"
75994,"Muzhong","Michaeli","1953-02-14","1986-04-01","Sales"
76139,"Mark","Speer","1954-07-23","1988-07-30","Sales"
76232,"Georg","Hedayat","1952-04-23","1988-09-23","Sales"
76495,"Zhonghua","Cangellaris","1952-09-30","1987-03-17","Sales"
76937,"Shuji","Matzat","1952-11-11","1986-04-26","Sales"
77325,"Feiyu","Brickell","1952-08-21","1988-12-09","Sales"
78048,"Jaewoo","Jumpertz","1953-05-13","1988-05-28","Sales"
78327,"Tetsushi","Stranks","1952-10-11","1987-10-05","Sales"
78447,"Chiranjit","Bahk","1955-11-16","1988-08-06","Sales"
78697,"Troy","Stavenow","1954-01-24","1985-08-05","Sales"
79390,"Bernt","Shigei","1953-02-06","1986-05-16","Sales"
79509,"Vitaly","Akiyama","1952-09-09","1986-05-24","Sales"
80032,"Yurij","Isaac","1955-12-20","1985-05-20","Sales"
80063,"Arie","Hoogerwoord","1955-05-04","1986-07-17","Sales"
80763,"Bader","Merro","1954-12-22","1986-05-02","Sales"
80838,"Cheong","Ruemmler","1954-04-22","1988-08-28","Sales"
81517,"Xiong","Reutenauer","1955-11-12","1988-01-27","Sales"
82145,"Zhongwei","Pagter","1955-09-10","1986-12-07","Sales"
82371,"Frederique","Erev","1952-04-21","1986-05-17","Sales"
83194,"Vidar","Bridgland","1952-05-20","1988-08-30","Sales"
83768,"Mark","Ariola","1954-07-11","1986-03-05","Sales"
83891,"Gopalakrishnan","Falster","1955-06-01","1988-02-27","Sales"
84098,"Shalesh","Merle","1952-12-23","1987-03-23","Sales"
84340,"Moriyoshi","Granlund","1953-08-17","1988-12-24","Sales"
84662,"Sanjeeva","Kalafatis","1952-11-14","1985-06-14","Sales"
84999,"Turgut","Koblitz","1953-01-27","1988-10-04","Sales"
85201,"Taiji","Berstel","1952-06-12","1985-03-22","Sales"
85230,"Gal","Demke","1952-07-01","1985-05-17","Sales"
85743,"Ramalingam","Wissmann","1952-08-21","1988-01-24","Sales"
85784,"Nechama","Cronau","1953-04-23","1985-12-26","Sales"
85861,"Roselyn","Reeker","1952-10-26","1987-07-04","Sales"
85866,"Dinkar","Baek","1955-06-11","1987-03-23","Sales"
86037,"Khaled","Badache","1952-06-11","1988-04-09","Sales"
87001,"Sanjit","Maquelin","1952-05-02","1987-05-07","Sales"
87030,"Shmuel","Prenel","1953-05-10","1986-12-07","Sales"
87115,"Charlene","Zyda","1952-04-01","1986-02-13","Sales"
87246,"Boaz","Melichar","1955-08-29","1986-09-05","Sales"
87751,"Lakshmi","Frolund","1954-03-30","1985-06-28","Sales"
87851,"Aloys","Asser","1955-07-29","1985-05-13","Sales"
88010,"Prodip","Ventosa","1955-11-11","1988-12-30","Sales"
88340,"Gad","Fiutem","1953-08-10","1988-06-08","Sales"
88600,"Bernd","Ranze","1954-10-08","1988-08-12","Sales"
89640,"Sreekrishna","Muhling","1955-01-22","1988-02-07","Sales"
90078,"Susuma","Champarnaud","1954-08-01","1986-03-04","Sales"
90122,"Taisook","Halevi","1952-10-09","1986-07-22","Sales"
90714,"Boriana","Manderick","1952-09-10","1985-10-31","Sales"
91506,"Lillian","Isaac","1953-09-26","1987-01-11","Sales"
91756,"Xiaobin","Vandervoorde","1954-12-04","1986-07-13","Sales"
92323,"Florina","Azuma","1955-02-02","1987-01-21","Sales"
92415,"Zorica","Lemarechal","1954-08-14","1985-12-30","Sales"
92802,"Alair","Luks","1955-05-08","1986-06-05","Sales"
92922,"Aluzio","Eiter","1953-11-23","1987-05-25","Sales"
93080,"Amstein","Heering","1955-10-01","1988-02-13","Sales"
93197,"Arie","Magliocco","1954-12-13","1985-08-31","Sales"
93221,"Sanjit","McDermid","1952-07-07","1987-07-20","Sales"
93241,"Juichirou","Borstler","1955-04-06","1986-11-27","Sales"
93344,"Bernardo","Escriba","1952-09-29","1986-01-07","Sales"
93430,"Golgen","Baar","1954-12-03","1985-05-20","Sales"
93520,"Angel","Unni","1953-01-14","1988-04-18","Sales"
93903,"Filipe","Capobianchi","1955-05-06","1988-10-31","Sales"
94008,"Sumali","Itzfeldt","1955-06-15","1988-03-31","Sales"
94775,"Moie","Kilgore","1954-09-29","1987-01-25","Sales"
94914,"Ranan","Preusig","1954-08-10","1988-12-27","Sales"
95322,"Remzi","Demizu","1952-07-21","1987-12-13","Sales"
95346,"Jouko","Heering","1954-12-29","1988-01-21","Sales"
95405,"Phillip","Ellozy","1952-06-29","1987-04-18","Sales"
97135,"Mechthild","Underwood","1953-03-08","1986-01-18","Sales"
97221,"Martina","Anick","1954-07-27","1986-08-12","Sales"
97240,"Yongmin","Krogh","1952-05-26","1985-04-04","Sales"
97340,"Vishu","Hiyoshi","1952-05-26","1986-09-24","Sales"
97648,"Suvo","Kornyak","1954-08-19","1986-12-24","Sales"
97666,"Spyrose","Alencar","1952-03-06","1985-03-20","Sales"
97723,"Gou","Mapelli","1952-07-02","1986-03-09","Sales"
97885,"Seshu","Edelhoff","1952-04-29","1985-12-17","Sales"
98173,"Irena","Ambroszkiewicz","1952-06-19","1987-11-03","Sales"
98377,"Steve","Flanders","1954-07-01","1988-02-03","Sales"
99014,"Adly","Siprelle","1953-12-26","1985-12-11","Sales"
99550,"Tsvetan","Hebert","1953-10-05","1986-11-06","Sales"
99719,"Sreekrishna","Ramamoorthy","1953-07-07","1988-01-30","Sales"
99972,"Jaana","Schaaf","1953-09-30","1985-06-04","Sales"
100444,"Arno","Itzigehl","1955-09-01","1985-05-15","Sales"
100555,"Lucien","Gecsel","1953-08-25","1988-08-13","Sales"
100686,"True","Beausoleil","1954-02-23","1987-06-14","Sales"
101249,"Dinkar","Krider","1955-06-15","1985-02-28","Sales"
101608,"Girolamo","Mundy","1955-10-14","1986-07-30","Sales"
102728,"Make","Jiang","1953-08-31","1985-11-14","Sales"
102870,"Marsal","Alpay","1952-04-30","1985-04-23","Sales"
102942,"Gretta","Vilarrasa","1954-08-08","1985-02-27","Sales"
103467,"Kwangyoen","Glinert","1955-05-15","1985-08-21","Sales"
103575,"Ugo","Verhaegen","1954-10-09","1987-04-15","Sales"
103591,"Moni","Vakili","1955-04-16","1985-03-11","Sales"
103776,"Franziska","Ashish","1953-05-26","1988-06-30","Sales"
103961,"Gurbir","Suermann","1952-04-26","1987-12-14","Sales"
104011,"Masanao","Journel","1954-02-25","1985-10-31","Sales"
104203,"Shigenori","Gyorkos","1954-10-26","1986-01-12","Sales"
104223,"Mantis","Waymire","1952-08-12","1986-11-18","Sales"
105154,"Lenore","Montemayor","1953-07-14","1985-03-29","Sales"
105204,"Ennio","Schaad","1953-04-19","1988-11-14","Sales"
105665,"Tonia","Falco","1953-08-29","1986-11-01","Sales"
106186,"Gonzalo","Sewelson","1955-08-10","1987-09-07","Sales"
106577,"Florina","Orsini","1955-06-29","1988-12-12","Sales"
106770,"LiMin","Srimani","1954-11-25","1988-03-02","Sales"
106836,"Yurii","Ghemri","1953-10-29","1988-02-08","Sales"
107113,"Sushant","VanScheik","1952-10-07","1987-07-15","Sales"
107901,"Munir","Honiden","1955-05-23","1987-11-25","Sales"
108023,"Marke","Yetto","1953-09-30","1987-01-16","Sales"
108212,"Masali","Versino","1952-02-08","1985-07-10","Sales"
108307,"Diederik","Suermann","1952-12-01","1988-07-29","Sales"
108363,"Aloke","Luef","1952-04-25","1987-06-28","Sales"
108536,"Fumino","Baba","1955-07-18","1987-12-23","Sales"
108884,"Basant","Deverell","1954-08-17","1988-04-11","Sales"
109189,"Billie","Codenie","1954-07-27","1985-06-20","Sales"
109824,"Aleksander","Luit","1952-04-24","1988-09-08","Sales"
200116,"Eben","Nivat","1952-09-17","1986-08-29","Sales"
200247,"Chaoyi","Beznosov","1952-09-13","1986-05-25","Sales"
200382,"Mansur","Pauthner","1955-04-21","1986-09-21","Sales"
200684,"Srinidhi","Cullers","1953-08-09","1985-07-29","Sales"
200768,"Minghong","Schmittgen","1953-12-10","1988-04-26","Sales"
201007,"Yonghong","Scharstein","1955-07-18","1985-12-09","Sales"
201135,"Shaw","Jahnichen","1952-11-27","1985-05-29","Sales"
201228,"Shem","Jayawardene","1952-10-22","1986-11-23","Sales"
201358,"Toshimitsu","Erdmenger","1952-03-27","1988-05-08","Sales"
201547,"Sampalli","Juneja","1953-11-19","1988-01-20","Sales"
202149,"Pragnesh","Bridgland","1953-01-29","1987-05-15","Sales"
202360,"Indrajit","Jeong","1952-09-18","1985-08-31","Sales"
203238,"Fei","Zallocco","1955-11-11","1988-08-27","Sales"
203522,"Make","Biros","1955-01-29","1988-05-19","Sales"
203656,"Chinhyun","Brodal","1952-11-22","1986-09-24","Sales"
203792,"Hatim","Mahmud","1954-03-18","1985-04-24","Sales"
203953,"Lucian","Pokrovskii","1952-06-12","1985-10-04","Sales"
204029,"Shaowen","Litzkow","1953-09-23","1985-10-02","Sales"
205849,"Masali","Walston","1954-12-22","1985-07-06","Sales"
206815,"Insup","Frolund","1955-05-26","1988-06-30","Sales"
206872,"Marc","Stafford","1952-02-18","1987-03-21","Sales"
207582,"Giri","Langford","1953-04-16","1988-05-24","Sales"
207661,"Hairong","Leslie","1953-02-05","1986-05-15","Sales"
208209,"Kersti","Matzat","1953-11-18","1985-08-23","Sales"
209492,"Mabo","Asmuth","1953-02-27","1985-03-20","Sales"
209872,"Breannda","Kaiser","1954-06-06","1988-12-15","Sales"
210044,"Ymte","Bergere","1953-04-14","1985-10-18","Sales"
210373,"Kazuyasu","Improta","1953-08-07","1987-08-04","Sales"
210485,"Mitchel","Codenie","1954-09-12","1986-03-12","Sales"
210710,"Nevio","Farrar","1952-04-13","1987-09-22","Sales"
210747,"Doohun","Bratten","1952-12-18","1988-10-21","Sales"
211163,"Ranga","Joslin","1953-05-30","1985-04-16","Sales"
211504,"Jaewon","Ouhyoung","1954-08-08","1985-07-10","Sales"
211675,"Yunming","Kalloufi","1954-05-19","1988-05-17","Sales"
211703,"Mart","Mattern","1955-02-23","1986-04-26","Sales"
212644,"Garnik","Theuretzbacher","1953-11-09","1985-09-28","Sales"
212780,"Yuchang","Asser","1954-03-13","1988-12-09","Sales"
213035,"Shuichi","Nitsche","1954-02-01","1987-08-22","Sales"
213144,"Patricio","Luon","1953-07-09","1985-08-12","Sales"
213407,"Gino","Mandell","1955-04-10","1987-11-14","Sales"
213426,"Demin","Lenart","1955-11-01","1986-04-28","Sales"
213905,"Sverrir","Motley","1955-04-09","1985-11-10","Sales"
215277,"Ewing","Bach","1953-08-12","1987-01-29","Sales"
215745,"Lidong","Suppi","1954-07-07","1988-02-12","Sales"
216659,"Munehiko","Carrera","1954-06-24","1987-10-06","Sales"
216965,"Badri","Birke","1952-12-07","1985-09-08","Sales"
217173,"Torsten","Krichel","1953-12-02","1985-04-17","Sales"
218167,"Diederik","Fargier","1952-12-20","1987-09-09","Sales"
218201,"Harjit","Ashish","1954-11-28","1986-01-10","Sales"
218319,"Kitty","Speer","1955-05-10","1988-09-03","Sales"
218432,"Eran","Pettit","1954-07-07","1986-02-28","Sales"
218477,"Vishwani","Kornatzky","1952-10-27","1986-03-08","Sales"
218674,"Toshiko","Lipner","1953-02-19","1987-02-15","Sales"
219116,"Jinxi","Sgarro","1955-06-28","1987-10-04","Sales"
220729,"Shimshon","Kamber","1953-09-27","1987-10-21","Sales"
221371,"Pohua","Percebois","1952-10-08","1986-02-12","Sales"
222077,"Gor","Kilgour","1953-05-06","1987-07-10","Sales"
222330,"Gor","Bellone","1955-07-27","1986-02-01","Sales"
222358,"Vishv","Pramanik","1954-03-11","1987-04-04","Sales"
222667,"Shigenori","Mattern","1953-06-08","1988-04-23","Sales"
223327,"Teunis","Peron","1953-07-17","1985-12-05","Sales"
223461,"Manibrata","Kusalik","1954-05-31","1986-11-10","Sales"
223874,"Giao","Pauthner","1955-07-22","1986-02-03","Sales"
223972,"Phillip","Peng","1952-09-27","1988-10-18","Sales"
224000,"Christfried","Kowalchuk","1952-07-31","1985-10-31","Sales"
225105,"Palash","Hempstead","1952-02-02","1985-10-03","Sales"
225287,"Ronnie","Decleir","1953-03-15","1986-03-30","Sales"
225310,"Clyde","Dusink","1955-03-28","1988-12-17","Sales"
225327,"Vishwani","Kalloufi","1955-01-16","1987-10-04","Sales"
225594,"Mariusz","Emmerich","1954-02-08","1987-08-15","Sales"
226067,"Baruch","Benner","1954-09-02","1985-02-20","Sales"
226384,"Hausi","Makinen","1955-10-09","1988-07-29","Sales"
226480,"Leszek","Kusalik","1955-02-09","1987-03-11","Sales"
227249,"Hideyuki","Erni","1955-02-18","1988-02-21","Sales"
227910,"Saniya","Alencar","1952-11-25","1988-09-21","Sales"
227969,"Falguni","Mandell","1952-09-28","1986-01-02","Sales"
228152,"Sailaja","Lung","1954-05-26","1986-04-09","Sales"
228223,"Pranav","Hatcliff","1953-09-08","1988-01-06","Sales"
228246,"Bartek","Aloisi","1954-06-19","1986-07-20","Sales"
228655,"Jiong","Blokdijk","1954-04-13","1988-10-22","Sales"
229097,"Kellyn","Merel","1954-12-10","1987-01-23","Sales"
229208,"Patricio","Christianini","1953-08-22","1987-05-05","Sales"
229367,"Oscar","Katzenelson","1952-06-30","1985-10-02","Sales"
229578,"Bernt","Ariola","1953-02-25","1988-07-15","Sales"
229926,"Tomofumi","Sgarro","1954-11-20","1985-05-16","Sales"
229937,"Huiqun","Butner","1952-03-15","1987-02-02","Sales"
230353,"Siamak","Maierhofer","1955-03-30","1985-08-15","Sales"
230605,"Thanasis","Dratva","1952-12-09","1985-03-11","Sales"
231279,"Giap","Muntz","1953-10-26","1987-06-01","Sales"
231294,"Sven","Brender","1953-10-04","1987-05-04","Sales"
231570,"Dietrich","Vecchi","1953-02-28","1987-01-08","Sales"
232722,"Mitchel","Srimani","1954-11-12","1988-03-13","Sales"
232882,"Zhigen","Pepe","1953-10-11","1986-10-12","Sales"
232947,"Noritoshi","Meriste","1953-09-18","1985-08-22","Sales"
233547,"Masali","Dichev","1954-08-07","1986-02-02","Sales"
234045,"Gift","Zschoche","1954-01-05","1986-01-24","Sales"
234084,"Rance","Viele","1952-08-16","1986-04-27","Sales"
234166,"Isamu","Birke","1952-07-24","1988-07-02","Sales"
235317,"Sorina","Gerteisen","1955-04-30","1986-10-23","Sales"
235573,"Adil","Stamatiou","1955-01-22","1987-11-07","Sales"
236691,"Hatim","Pramanik","1952-10-21","1985-04-14","Sales"
236733,"Ziva","Pero","1952-09-27","1986-03-17","Sales"
237022,"Ibibia","Gopalakrishnan","1955-05-04","1986-12-16","Sales"
237196,"Abdelkader","England","1953-02-07","1986-05-10","Sales"
237546,"Guttorm","Clemencon","1954-03-22","1988-08-05","Sales"
237558,"Nikolaos","Riefers","1952-08-25","1988-12-04","Sales"
238047,"Renee","Krohn","1955-09-01","1988-09-07","Sales"
238164,"Perry","Sullins","1955-05-09","1986-07-05","Sales"
238505,"Falguni","Camurati","1952-11-27","1988-03-04","Sales"
239066,"Stafford","Pesch","1954-09-22","1987-01-31","Sales"
239423,"Hongzue","Gyimothy","1955-05-03","1987-07-14","Sales"
239494,"Ramachenga","Stifter","1954-06-19","1985-02-15","Sales"
239729,"Lijie","Rousseau","1955-06-29","1985-09-23","Sales"
239782,"Indrajit","Shackel","1955-04-29","1985-11-12","Sales"
239802,"Elvis","Isard","1954-08-07","1985-11-11","Sales"
239927,"Theron","Riefers","1952-04-10","1985-03-25","Sales"
241303,"Jamaludin","Bratsberg","1953-01-05","1985-11-18","Sales"
241411,"Subhada","Salvesen","1955-04-28","1986-08-20","Sales"
241622,"Mara","Grospietsch","1955-08-22","1987-02-14","Sales"
241940,"Carrsten","Schoegge","1955-03-02","1987-01-29","Sales"
242373,"Christoper","Weisert","1954-08-31","1985-03-16","Sales"
242509,"Rosalyn","Hebden","1952-02-02","1986-02-01","Sales"
243280,"Frazer","Perng","1952-11-13","1985-03-23","Sales"
243508,"Dhritiman","Sinitsyn","1953-06-06","1988-10-08","Sales"
244316,"Khun","Kuszyk","1954-11-07","1986-06-30","Sales"
244359,"Maria","McAffer","1953-04-16","1985-10-15","Sales"
244787,"Rosalyn","Talmor","1954-06-07","1986-05-28","Sales"
244911,"Xudong","Sanella","1955-07-04","1985-03-22","Sales"
245058,"Shaowei","Wiegley","1955-05-21","1985-02-11","Sales"
245412,"Val","Erni","1953-10-19","1986-03-09","Sales"
245598,"Takanari","Remmers","1953-04-07","1987-06-22","Sales"
245835,"Peternela","Back","1953-04-23","1986-05-05","Sales"
246101,"Karoline","Sherertz","1955-04-05","1987-03-23","Sales"
246717,"Sham","Benzmuller","1954-06-20","1986-02-20","Sales"
247242,"Yuping","Katiyar","1954-03-26","1987-10-04","Sales"
247538,"Fatemeh","Verspoor","1953-09-24","1988-08-13","Sales"
247872,"Ger","Imataki","1952-10-30","1986-02-08","Sales"
247880,"Saniya","Oxenboll","1954-05-15","1988-08-24","Sales"
248232,"Hinrich","Rodiger","1953-09-26","1988-06-04","Sales"
248632,"Zijian","Clemencon","1953-04-19","1987-01-13","Sales"
248859,"Arvind","Baar","1952-09-13","1987-03-06","Sales"
248905,"Sandeepan","Bakhtari","1953-08-05","1985-12-08","Sales"
248939,"Paris","Ghelli","1954-01-16","1985-06-02","Sales"
248959,"Elrique","Noriega","1954-12-10","1987-01-18","Sales"
248965,"Mack","Spinelli","1952-06-29","1985-04-15","Sales"
249341,"Miquel","Reinhart","1953-08-04","1986-05-23","Sales"
249613,"Magy","Onuegbe","1952-10-06","1987-05-13","Sales"
249720,"Dipayan","Strehl","1955-01-01","1988-04-04","Sales"
249797,"Arra","Snyers","1952-02-23","1986-04-05","Sales"
249958,"Marjo","Bergere","1954-11-06","1988-10-01","Sales"
250499,"Arif","Aseltine","1955-04-11","1985-11-09","Sales"
250598,"Kristinn","Itschner","1952-07-10","1985-03-11","Sales"
250687,"Kensyu","Decleir","1954-03-12","1987-07-14","Sales"
250794,"Munehiko","Kinley","1954-11-20","1987-09-15","Sales"
250799,"Badri","Homond","1955-11-10","1985-10-04","Sales"
250971,"Sarita","Sankaranarayanan","1955-10-17","1987-02-06","Sales"
251100,"Youssef","Itzigehl","1954-04-14","1987-08-30","Sales"
251182,"Goh","Dulli","1953-12-22","1986-04-04","Sales"
251384,"Sreekrishna","Cmelik","1955-05-28","1987-06-05","Sales"
252971,"Leon","Pluym","1954-05-17","1988-09-06","Sales"
253217,"Subhash","Honiden","1953-04-19","1985-03-24","Sales"
253249,"Breannda","Tiemann","1954-12-25","1988-07-20","Sales"
253272,"Amalendu","Uehara","1955-09-18","1987-05-30","Sales"
253509,"Karsten","Kaminger","1955-04-07","1986-04-11","Sales"
254417,"Yurii","Selvestrel","1953-06-30","1986-04-07","Sales"
254706,"Sedat","Detkin","1953-03-11","1985-06-09","Sales"
254907,"Zhensheng","Boyle","1952-05-02","1987-10-15","Sales"
255130,"Mooi","Krupka","1952-05-21","1988-07-02","Sales"
255620,"Mani","Tiemann","1955-07-20","1987-01-12","Sales"
255934,"Mantis","Fabrizio","1952-12-06","1988-12-02","Sales"
256792,"Kerryn","Merli","1953-03-04","1987-09-29","Sales"
257597,"Munir","Lueh","1954-07-07","1985-11-18","Sales"
257630,"Jongsuk","Neiman","1952-09-04","1986-08-04","Sales"
258096,"Shirish","Mitchem","1952-06-21","1986-03-06","Sales"
258371,"Udi","Ciolek","1955-10-13","1986-06-24","Sales"
258671,"Weijing","Delgrossi","1952-11-02","1986-06-23","Sales"
258796,"Badri","Hofstetter","1952-08-14","1986-08-25","Sales"
258992,"Izaskun","Marakhovsky","1954-07-19","1986-03-11","Sales"
259424,"Barun","Dayana","1953-05-06","1988-10-21","Sales"
259443,"Yongmin","Ramsay","1952-12-16","1986-11-10","Sales"
259859,"Miomir","Hooghiemstra","1952-04-15","1987-10-04","Sales"
259863,"Jovan","Siegrist","1954-03-23","1985-12-24","Sales"
260144,"Fun","Baja","1952-11-13","1985-04-22","Sales"
260331,"Niteen","Matteis","1952-05-18","1985-02-05","Sales"
260543,"Hatsukazu","Decleir","1952-12-05","1985-12-04","Sales"
260700,"Eishiro","Taubenfeld","1953-02-01","1987-09-30","Sales"
261226,"Zhaofang","Baby","1953-10-25","1987-11-22","Sales"
261321,"Aram","Eldridge","1955-12-06","1988-11-19","Sales"
261546,"Sungwon","Chenney","1953-08-21","1987-09-16","Sales"
261548,"Gita","Karunanithi","1954-03-01","1985-11-13","Sales"
262677,"Eishiro","Zumaque","1954-12-25","1985-03-02","Sales"
263002,"Ramzi","Bernatsky","1955-01-03","1986-12-05","Sales"
263569,"Barun","Gips","1954-12-10","1988-08-23","Sales"
264128,"Guangming","Suomi","1953-02-13","1985-07-27","Sales"
265134,"Ulf","Ventosa","1954-08-02","1987-10-23","Sales"
265377,"Vasilii","Merle","1952-10-13","1985-06-07","Sales"
265626,"Alagu","Pagter","1953-08-12","1987-11-26","Sales"
265635,"Djelloul","Marakhovsky","1954-07-17","1987-05-24","Sales"
265936,"Fun","Kawashimo","1953-06-09","1987-06-28","Sales"
266012,"Satosi","Vieri","1955-03-26","1986-02-18","Sales"
266049,"Odysseas","Delaune","1953-03-27","1988-08-02","Sales"
266550,"Yuriy","Rouquie","1953-03-12","1988-08-04","Sales"
266647,"Domenick","Moffat","1955-10-21","1986-10-24","Sales"
266847,"Noritoshi","Servieres","1952-07-19","1985-08-02","Sales"
267109,"Mohua","Kaminger","1953-05-09","1987-06-09","Sales"
268204,"Nahid","Vakili","1952-11-08","1986-07-03","Sales"
268661,"Mohammad","Zaccaria","1952-05-01","1985-05-06","Sales"
268667,"Munir","Piazza","1953-08-20","1988-10-30","Sales"
268902,"Arup","Krohm","1954-06-28","1985-02-03","Sales"
269109,"Karlis","Goldhammer","1955-02-21","1985-07-01","Sales"
269201,"Houman","Thiran","1955-04-01","1988-06-13","Sales"
269985,"Mingsen","Kriebel","1952-09-20","1987-12-27","Sales"
269993,"Taizo","Comte","1954-07-09","1988-12-20","Sales"
270695,"Marit","Dahlbom","1953-05-07","1988-03-16","Sales"
270765,"Stafford","Flanders","1954-06-01","1988-07-24","Sales"
271050,"Takushi","Koblick","1954-03-27","1987-04-11","Sales"
271300,"Gilbert","Curless","1955-04-28","1985-05-10","Sales"
271545,"Temple","Negoita","1954-09-03","1987-04-26","Sales"
271803,"Tru","Dichev","1952-09-18","1985-02-11","Sales"
271976,"Mary","Kuhnemann","1952-12-06","1986-09-06","Sales"
271997,"Werner","Koshiba","1955-06-09","1985-05-20","Sales"
272538,"Masoud","Hiroyama","1955-12-01","1985-02-10","Sales"
272943,"Temple","Gewali","1955-05-09","1986-04-27","Sales"
273578,"Giao","Saoudi","1955-09-01","1988-03-05","Sales"
273631,"Richara","Perfilyeva","1952-05-14","1987-01-30","Sales"
273721,"Kazuhisa","Wegerle","1954-03-31","1988-04-12","Sales"
273754,"Kristin","Chartres","1952-03-10","1986-03-27","Sales"
274106,"Leon","Herber","1955-07-19","1988-10-12","Sales"
274436,"Brewster","Zockler","1955-10-14","1987-03-17","Sales"
275011,"Leen","Wallrath","1954-01-08","1988-02-25","Sales"
275421,"King","Cooley","1955-05-22","1988-06-12","Sales"
276416,"Moon","Ishibashi","1954-10-03","1986-10-17","Sales"
276468,"Rosalie","DuCasse","1953-03-28","1985-05-16","Sales"
277187,"Arlette","Shinomoto","1953-01-04","1988-06-12","Sales"
277608,"Vasilis","Pettis","1955-05-02","1985-02-05","Sales"
277954,"Maren","Gornas","1953-09-02","1985-03-06","Sales"
278112,"Paddy","Ginneken","1955-12-02","1987-04-08","Sales"
278995,"Shigehiro","Dalton","1954-01-10","1987-11-29","Sales"
279009,"Taiji","Brookman","1955-12-16","1986-01-22","Sales"
279404,"Gladys","Litvinov","1952-04-02","1985-10-20","Sales"
279440,"Shin","Hebden","1955-09-12","1986-05-26","Sales"
279468,"Weiwu","Kornyak","1953-06-15","1987-05-10","Sales"
279484,"Yunming","Famili","1952-06-18","1985-08-04","Sales"
279894,"Sudharsan","Masand","1954-06-10","1985-02-28","Sales"
279972,"Jianhua","Gecsei","1954-02-24","1986-03-05","Sales"
280448,"Theron","Aamodt","1955-04-22","1986-03-16","Sales"
280954,"Raimond","Cappelletti","1955-04-12","1987-09-10","Sales"
281150,"Masanao","Lichtner","1952-11-18","1985-04-11","Sales"
281293,"Chikara","Bednarek","1953-10-06","1988-09-04","Sales"
281458,"Niranjan","Biron","1952-03-10","1988-11-07","Sales"
281768,"Eckart","Beausoleil","1955-02-24","1987-01-29","Sales"
281983,"Kiyotoshi","Klyachko","1952-04-02","1986-04-13","Sales"
282133,"Marek","Brickell","1953-02-03","1986-09-30","Sales"
282189,"Toshiko","Braccini","1955-02-22","1986-08-17","Sales"
282516,"Saeko","Sudbeck","1952-09-28","1987-04-01","Sales"
282644,"Alois","Deverell","1954-05-12","1988-05-27","Sales"
283225,"Ult","Duclos","1955-09-03","1987-06-05","Sales"
284184,"Sahrah","Pero","1953-07-16","1987-04-20","Sales"
284203,"Subhankar","Weisert","1953-12-09","1986-03-08","Sales"
284474,"Mona","Petersohn","1952-12-29","1987-02-22","Sales"
284621,"Gino","Goldhammer","1953-11-30","1985-04-26","Sales"
284655,"Mohd","Nanard","1953-07-13","1985-09-13","Sales"
284927,"Rafols","Ullian","1953-02-04","1987-06-25","Sales"
284990,"Froduald","Theuretzbacher","1954-10-26","1987-07-10","Sales"
284999,"Vidar","Hebden","1954-08-05","1986-05-10","Sales"
285551,"Zita","Erie","1955-05-07","1985-03-14","Sales"
285675,"Deborah","Orsini","1955-04-17","1985-10-26","Sales"
285803,"Almudena","Hertweck","1953-03-09","1987-09-01","Sales"
286072,"Christophe","Luit","1954-01-08","1985-04-24","Sales"
286221,"Shahaf","Figueira","1955-02-12","1985-06-10","Sales"
286562,"Reuven","Azevdeo","1955-10-29","1985-11-04","Sales"
286697,"Ult","Melter","1953-10-19","1988-02-16","Sales"
286982,"Aksel","Ranze","1953-02-20","1985-02-23","Sales"
287013,"Heng","Asmuth","1952-02-17","1988-05-02","Sales"
287355,"Shir","Picht","1952-03-20","1988-04-16","Sales"
287778,"Krisda","Suomi","1952-12-21","1986-03-29","Sales"
288304,"Shan","Majewski","1954-07-24","1986-03-28","Sales"
288841,"Sajjad","Merlo","1953-06-23","1988-08-26","Sales"
288863,"Huai","Sundgren","1954-08-26","1988-03-14","Sales"
289032,"Danny","Asrin","1954-03-18","1988-12-31","Sales"
289353,"Nikolaos","Winter","1954-02-04","1987-09-18","Sales"
290274,"Nahid","Cooley","1952-03-03","1985-05-24","Sales"
290360,"Rosita","Auyong","1952-12-13","1987-11-18","Sales"
290856,"Cedric","Cannard","1954-01-28","1988-09-17","Sales"
290985,"Geraldo","Takanami","1955-04-09","1987-04-08","Sales"
291116,"Berni","Pocchiola","1953-12-19","1985-09-27","Sales"
291325,"Arno","Speckmann","1954-05-26","1986-10-15","Sales"
291788,"Makato","Poupard","1955-05-27","1986-04-11","Sales"
292093,"Yurij","Papsdorf","1954-09-18","1987-08-15","Sales"
292322,"Adamantios","Colorni","1955-05-05","1985-03-03","Sales"
292902,"Shigenori","Woycyznski","1952-08-05","1985-02-10","Sales"
292962,"Youjian","Schahn","1954-02-02","1988-12-27","Sales"
293122,"Fox","Chleq","1952-12-29","1987-06-23","Sales"
293434,"Sachio","Ghandeharizadeh","1953-12-06","1985-08-08","Sales"
293537,"Quingbo","Chiodo","1954-12-30","1985-10-12","Sales"
294097,"Kazunori","Cummings","1952-05-30","1987-11-29","Sales"
294613,"Palash","Carrere","1955-09-12","1988-01-05","Sales"
294805,"Vishu","Flexer","1954-08-02","1986-03-04","Sales"
294850,"Toshimo","Peot","1952-10-16","1987-09-28","Sales"
294966,"Mrinalini","Esposito","1953-07-17","1987-07-26","Sales"
295068,"Shem","Olivero","1955-01-17","1987-06-12","Sales"
295221,"Tomokazu","Hofting","1952-05-05","1987-05-14","Sales"
295364,"Shaowei","Parascandalo","1954-09-22","1987-05-04","Sales"
295503,"Tayeb","Lund","1954-08-22","1988-02-04","Sales"
295624,"Menkae","Denos","1955-06-30","1985-05-15","Sales"
295651,"Adil","Coombs","1955-09-08","1985-08-14","Sales"
295838,"Bartek","Ritcey","1954-08-13","1986-03-08","Sales"
296368,"Annemarie","Warwick","1952-05-18","1987-03-08","Sales"
296375,"Maren","Tzvieli","1955-05-26","1985-10-28","Sales"
296514,"Zito","Underwood","1954-03-10","1985-03-09","Sales"
297671,"Yoshimitsu","Highland","1952-05-24","1987-07-28","Sales"
298149,"Narain","Bultermann","1954-09-24","1985-10-05","Sales"
298247,"Shan","Comyn","1954-03-27","1985-05-17","Sales"
298750,"Maia","Hockney","1952-12-06","1986-10-16","Sales"
299033,"Fei","Gente","1953-04-01","1985-11-03","Sales"
299307,"Mara","Stavenow","1953-07-16","1986-03-25","Sales"
299512,"Xudong","Rusmann","1954-12-17","1987-11-26","Sales"
299658,"Jaber","Schiper","1952-10-25","1985-06-23","Sales"
299794,"Feipei","Birta","1953-07-10","1985-12-05","Sales"
299827,"Shalesh","Perelgut","1952-12-31","1987-02-05","Sales"
400299,"Anneke","Haraldson","1953-07-01","1987-11-14","Sales"
400478,"Rafols","Lund","1955-07-22","1986-07-17","Sales"
400950,"Otmar","Erie","1952-11-08","1988-09-17","Sales"
400966,"Izaskun","Percebois","1954-12-10","1986-03-03","Sales"
401108,"Takahito","Kropp","1955-11-15","1988-08-08","Sales"
401125,"Josyula","Rothe","1955-03-20","1986-03-16","Sales"
401589,"Vishwani","Ducloy","1953-12-20","1987-04-04","Sales"
401699,"Zdislav","Ouhyoung","1955-03-16","1988-07-19","Sales"
401714,"Tamiya","Axelband","1953-08-03","1986-12-10","Sales"
401749,"Kiyotoshi","Biron","1952-12-28","1988-11-27","Sales"
402073,"Moss","Camurati","1953-08-12","1988-05-15","Sales"
402349,"Harngdar","Lipner","1952-07-02","1988-08-31","Sales"
404739,"Boaz","Linnainmaa","1952-02-12","1987-10-12","Sales"
404878,"Syozo","Schaaf","1955-07-03","1986-03-13","Sales"
405123,"Zeljko","Walstra","1953-03-24","1986-02-07","Sales"
405199,"Gou","Antonisse","1954-04-11","1986-09-18","Sales"
405888,"Leucio","Alpay","1954-05-25","1987-05-17","Sales"
405931,"Werner","Hebert","1952-07-12","1986-08-12","Sales"
405955,"Owen","Kaelbling","1954-09-02","1985-10-11","Sales"
406422,"Udo","Rikino","1952-09-13","1987-05-15","Sales"
406440,"Moty","Parveen","1955-12-23","1987-09-14","Sales"
406758,"Nevio","Brandsma","1952-02-05","1985-11-05","Sales"
407125,"Gila","Taneja","1953-08-26","1988-12-10","Sales"
407253,"Kristina","DuBourdieux","1954-10-30","1988-05-20","Sales"
407368,"Morris","Garnick","1953-07-01","1985-11-11","Sales"
407398,"Uwe","Azuma","1952-05-11","1985-04-30","Sales"
407419,"Xiahua","Pietracaprina","1953-08-06","1988-07-01","Sales"
407562,"Bodh","Budinsky","1954-09-18","1985-10-20","Sales"
407567,"Gully","Tramer","1954-03-25","1988-02-27","Sales"
408050,"Heejo","Veeraraghavan","1955-12-24","1986-12-29","Sales"
408807,"Hsiangchu","Tanemo","1953-12-01","1988-02-16","Sales"
408868,"Tuval","Milicic","1952-06-25","1988-12-18","Sales"
409028,"Steve","Hebden","1952-03-13","1988-11-07","Sales"
409626,"Danny","Picci","1953-05-30","1988-02-01","Sales"
410733,"Gill","Passafiume","1955-08-20","1986-01-23","Sales"
411139,"Muneo","Sevcikova","1955-04-16","1988-08-31","Sales"
412012,"Mara","Anandan","1954-04-27","1986-10-27","Sales"
412295,"Bezalel","Scharstein","1955-04-27","1986-11-06","Sales"
412305,"Tetsurou","Coombs","1955-10-10","1988-10-20","Sales"
412656,"Gunilla","Zykh","1952-03-21","1988-04-25","Sales"
412702,"Tran","Parhami","1952-09-16","1985-03-16","Sales"
412871,"Yucel","Bazzichi","1952-07-23","1987-02-16","Sales"
414140,"Leucio","Vickson","1954-02-17","1988-09-01","Sales"
414173,"Gina","Jonsson","1954-09-25","1988-11-13","Sales"
414180,"Kinh","Dengi","1954-05-12","1986-09-10","Sales"
414724,"Phuoc","Bottner","1954-05-07","1988-05-31","Sales"
415152,"Jongsuk","Danecki","1953-05-22","1985-11-17","Sales"
415867,"Shuji","Erev","1953-08-03","1986-06-28","Sales"
416795,"Aksel","Wossner","1953-08-17","1986-05-15","Sales"
416864,"Chiradeep","Shiratori","1954-03-17","1986-09-18","Sales"
416980,"Qunsheng","Meszaros","1954-12-25","1987-08-20","Sales"
417427,"Doohun","Lores","1952-03-03","1985-09-14","Sales"
417528,"Eirik","Welham","1955-03-28","1986-10-08","Sales"
417595,"Maik","Roccetti","1952-08-30","1988-06-16","Sales"
417830,"Geoff","Androutsos","1955-01-16","1985-07-19","Sales"
418671,"Xiaoshan","Calkin","1954-09-07","1988-10-17","Sales"
418716,"Marke","Linnainmaa","1953-07-12","1988-02-09","Sales"
418901,"Lucien","Kabayashi","1952-02-26","1987-07-24","Sales"
419374,"Yoshinari","Pollacia","1952-06-12","1986-01-29","Sales"
419907,"Tayeb","Rajaraman","1953-12-04","1987-07-20","Sales"
420158,"Jasminko","Henders","1954-04-16","1988-05-11","Sales"
420358,"Huei","Ressouche","1953-02-04","1986-05-07","Sales"
420509,"Dzung","Mahmud","1954-08-10","1986-05-21","Sales"
420684,"Stein","Percebois","1954-01-22","1985-04-17","Sales"
420965,"Alenka","Thorensen","1954-12-05","1986-10-30","Sales"
421540,"Annemarie","Ranon","1953-04-21","1987-06-21","Sales"
422105,"Yongdong","Zykh","1952-11-19","1987-09-30","Sales"
423338,"Chuanti","Rosiles","1952-08-08","1985-04-06","Sales"
423434,"Uta","Shackell","1952-09-24","1986-10-15","Sales"
423807,"Barry","Rikino","1954-08-23","1987-03-12","Sales"
424090,"Inderjeet","Holburn","1953-07-29","1988-04-20","Sales"
424252,"Shirish","Bernardinello","1954-12-27","1988-07-22","Sales"
424391,"Marc","Skogmar","1955-04-07","1985-10-22","Sales"
424447,"Irene","Miake","1954-02-02","1985-08-10","Sales"
424593,"Mohammed","Serra","1954-08-01","1985-02-07","Sales"
424995,"Jouni","Bale","1952-09-13","1985-11-27","Sales"
425220,"Xiadong","Anger","1954-03-31","1986-09-07","Sales"
425473,"Giao","Cappelli","1952-12-09","1986-04-02","Sales"
425819,"Muzhong","Oberman","1953-07-13","1988-05-22","Sales"
425960,"Elliott","Terkki","1954-07-12","1985-11-08","Sales"
426511,"Oddvar","Polupanov","1952-12-06","1987-04-13","Sales"
427010,"Mingsen","Frolund","1954-11-14","1986-03-20","Sales"
427029,"Samphel","Ramalingam","1953-09-17","1985-02-19","Sales"
427472,"Kristina","Pfau","1952-04-04","1985-03-02","Sales"
428402,"Stein","Remmele","1953-05-21","1985-06-07","Sales"
428930,"Herb","Pelc","1952-06-07","1985-11-07","Sales"
429367,"Kiyomitsu","Schlenzig","1955-01-26","1986-03-23","Sales"
429423,"Mabhin","Servi","1954-10-27","1986-11-28","Sales"
429961,"Houman","Swiss","1955-04-15","1985-12-05","Sales"
430147,"Tran","Jayawardene","1952-07-30","1987-11-23","Sales"
430300,"Xuedong","Binkley","1955-03-26","1988-07-09","Sales"
431004,"Horward","Syang","1955-04-08","1985-03-18","Sales"
432544,"Pradeep","Serdy","1952-05-24","1988-09-11","Sales"
432627,"Jamaludin","Usdin","1953-09-25","1988-10-27","Sales"
432859,"Guther","Massonet","1955-03-04","1986-08-26","Sales"
433077,"Zongyan","Mungall","1952-08-19","1986-02-06","Sales"
433193,"Badri","Shihab","1953-06-05","1988-08-29","Sales"
433301,"Moheb","Chelton","1953-06-06","1986-11-08","Sales"
433488,"Wayne","Antonisse","1954-05-23","1986-03-07","Sales"
433687,"Conrado","Giveon","1954-11-15","1986-07-14","Sales"
433738,"Toshimi","Petersohn","1955-08-09","1987-12-16","Sales"
434458,"Mari","Stellhorn","1952-02-04","1987-03-19","Sales"
434758,"Alair","Tzvieli","1953-03-16","1988-09-03","Sales"
434832,"Vojin","Mitzlaff","1955-08-04","1988-12-03","Sales"
434895,"Dipankar","Backhouse","1953-01-20","1985-02-19","Sales"
434923,"Heather","Riefers","1953-03-28","1985-10-17","Sales"
434931,"JiYoung","Rosti","1954-09-15","1988-10-13","Sales"
435148,"Gennady","Buchter","1953-04-14","1988-02-05","Sales"
435553,"Somnath","Moffat","1954-01-30","1988-11-18","Sales"
436148,"Basant","Cairo","1952-04-10","1986-12-12","Sales"
436457,"Wilmer","Deville","1954-12-30","1985-03-07","Sales"
436836,"Mads","Muchinsky","1952-08-01","1986-02-01","Sales"
437039,"Kaijung","Godskesen","1955-12-15","1985-11-20","Sales"
437184,"Jeane","Kabayashi","1952-11-13","1985-06-27","Sales"
437295,"Shao","Solovay","1953-11-19","1985-02-27","Sales"
437442,"Muzhong","Delaune","1952-02-13","1986-03-13","Sales"
438144,"Martial","Suri","1953-12-31","1988-11-01","Sales"
438162,"Mabry","Erdmenger","1954-07-28","1987-02-09","Sales"
439257,"Khedija","Pluym","1952-10-21","1986-10-05","Sales"
439354,"Xinan","Lorys","1952-08-08","1986-11-28","Sales"
440352,"Tianruo","Ghalwash","1954-10-25","1986-07-29","Sales"
440480,"Stepehn","Luders","1953-05-04","1985-10-19","Sales"
440640,"Xiaoqiang","Vieri","1953-05-07","1987-01-20","Sales"
440804,"Fumiko","Harllee","1954-01-19","1986-03-25","Sales"
441280,"Mohd","Stanger","1954-03-30","1986-06-03","Sales"
441394,"Nimmagadda","Iivonen","1953-11-22","1985-12-10","Sales"
441688,"Jayesh","Schwaller","1954-08-01","1988-06-08","Sales"
441839,"Froduald","Christ","1953-08-11","1986-02-15","Sales"
442133,"Bernd","Angel","1955-09-02","1985-07-14","Sales"
442883,"Yinlin","Vendrig","1953-06-20","1987-09-01","Sales"
442910,"Hatim","Ellozy","1955-05-05","1988-06-06","Sales"
443140,"Feixiong","Pramanik","1953-12-17","1985-12-06","Sales"
443228,"Mohammad","Gecseg","1955-10-18","1985-11-25","Sales"
443404,"Xiaoheng","Feldhoffer","1952-04-11","1988-03-15","Sales"
443457,"Kazuhisa","Demke","1953-05-16","1986-07-09","Sales"
443537,"Chenxi","Zaiane","1953-07-10","1986-11-07","Sales"
443571,"Siddarth","Garrabrants","1955-09-03","1985-07-17","Sales"
443838,"Rimon","McClure","1952-11-17","1988-11-27","Sales"
444108,"Ung","McClure","1954-09-24","1985-06-20","Sales"
444336,"Kristine","Pintelas","1955-07-29","1987-08-13","Sales"
444551,"Ipke","Gien","1954-10-31","1985-08-17","Sales"
444922,"Jordanka","Naudin","1955-02-09","1986-09-09","Sales"
445023,"Tadahiro","Dredge","1952-12-12","1988-07-21","Sales"
445654,"Shietung","Hertweck","1952-05-06","1987-03-01","Sales"
445683,"Ziyad","Gilg","1955-08-17","1985-08-17","Sales"
447385,"Yongqiao","Skrikant","1953-08-07","1988-06-30","Sales"
448119,"Nikolaus","Smeets","1952-06-27","1985-03-03","Sales"
448799,"Shahab","Socorro","1955-12-26","1985-12-16","Sales"
449215,"Arvind","Trumbly","1954-01-30","1988-09-26","Sales"
449436,"Hitofumi","Paciorek","1953-08-03","1986-09-10","Sales"
449596,"Shigeu","Ernst","1952-09-21","1986-08-31","Sales"
450487,"Takushi","Zwicker","1953-01-12","1986-11-02","Sales"
450683,"Kayoko","Genther","1954-09-07","1986-10-21","Sales"
450860,"Angus","Billingsley","1952-08-25","1987-03-17","Sales"
451001,"Kitty","Bottner","1952-05-02","1987-02-05","Sales"
451007,"Mingzeng","Jeong","1953-01-14","1985-05-15","Sales"
451712,"Poorav","Eldridge","1955-04-21","1987-10-07","Sales"
452221,"Xinyu","Hainaut","1954-02-04","1988-09-09","Sales"
452312,"Kaijung","Portugali","1954-01-31","1986-01-17","Sales"
452759,"Kazuhide","Uehara","1955-02-14","1986-01-09","Sales"
453133,"Mani","Terekhov","1954-04-04","1988-04-01","Sales"
453811,"Mountaz","Shimshoni","1952-12-07","1985-11-23","Sales"
453952,"Constantino","Callaway","1955-10-05","1988-07-16","Sales"
454081,"Paddy","Angiulli","1955-09-24","1986-09-02","Sales"
455837,"Sachin","Lindqvist","1953-05-02","1988-02-09","Sales"
456052,"Ishfaq","Rosaz","1955-06-01","1987-11-29","Sales"
456079,"Ayakannu","Kalefeld","1953-10-12","1987-03-24","Sales"
456204,"Leif","Zschoche","1955-09-22","1987-07-21","Sales"
456661,"Phillip","Rossi","1952-07-30","1985-02-16","Sales"
457015,"Yoshinari","Biran","1953-01-24","1987-02-03","Sales"
457487,"Padma","Valtorta","1954-08-27","1985-10-22","Sales"
457577,"Adin","Rosay","1955-10-18","1985-12-30","Sales"
458048,"Hugo","Onuegbe","1954-01-12","1986-06-05","Sales"
458222,"Djenana","Kavvadias","1954-06-02","1986-12-24","Sales"
458695,"Dmitry","Schreiter","1953-09-06","1987-09-02","Sales"
458729,"Piyawadee","Parhami","1955-10-30","1985-02-22","Sales"
459601,"Baruch","Hoogerwoord","1955-12-09","1988-05-13","Sales"
459617,"Sangeeta","Pollacia","1953-09-24","1987-10-12","Sales"
459650,"Przemyslawa","Pepe","1954-04-04","1986-10-06","Sales"
459692,"Kyoichi","Flasterstein","1953-11-19","1986-07-09","Sales"
460157,"Sudhanshu","Parascandalo","1953-09-09","1988-02-10","Sales"
461178,"Masasuke","Verhoeff","1952-12-22","1988-01-04","Sales"
461210,"Kish","Chleq","1952-08-28","1985-06-04","Sales"
461615,"Flemming","Borovoy","1953-07-16","1985-03-30","Sales"
461949,"Duro","Laurillard","1954-06-30","1986-08-23","Sales"
461960,"Remko","Ramsay","1952-09-24","1985-07-13","Sales"
462109,"Danil","Yeung","1954-08-10","1985-04-12","Sales"
462485,"Yakichi","Reutenauer","1953-12-16","1988-09-04","Sales"
462890,"Jinya","Peak","1955-06-09","1986-03-22","Sales"
462932,"Jaber","Loncour","1953-09-02","1987-08-11","Sales"
464040,"Hyuncheol","Kavraki","1954-04-21","1987-06-20","Sales"
464200,"Junichi","Foong","1953-08-02","1987-11-04","Sales"
464550,"Xuedong","Lamparter","1955-06-15","1986-09-10","Sales"
464622,"Minghong","Liesche","1954-12-31","1985-09-26","Sales"
464657,"Martine","Baba","1954-04-06","1988-01-11","Sales"
464708,"Taizo","Bierman","1954-05-24","1988-09-09","Sales"
464942,"Shiv","Alpin","1952-08-23","1985-06-12","Sales"
465609,"Insup","England","1953-11-26","1985-08-08","Sales"
466058,"Zhonghui","Murtha","1953-12-19","1988-01-30","Sales"
466101,"Manibrata","Kropp","1952-03-20","1988-10-24","Sales"
466487,"Makato","Strooper","1952-12-03","1988-04-05","Sales"
466629,"Hailing","Marchegay","1955-01-04","1986-02-13","Sales"
467129,"Richara","Reinhard","1955-06-12","1985-07-11","Sales"
467520,"Xianlong","Onuegbe","1955-12-23","1986-12-21","Sales"
467528,"Suvo","Fandrianto","1952-09-30","1986-08-06","Sales"
467593,"Mayuko","Reghbati","1954-02-03","1988-08-27","Sales"
467705,"Jayesh","Fendler","1954-11-25","1988-03-29","Sales"
468173,"Martins","Auyong","1952-09-19","1988-03-18","Sales"
468175,"Girolamo","Ranft","1955-09-23","1987-03-04","Sales"
468296,"Shan","Bardell","1952-09-27","1988-12-28","Sales"
468524,"Geraldo","Bellone","1955-03-24","1986-11-02","Sales"
468632,"Nobuyoshi","Genin","1955-07-13","1986-08-15","Sales"
469232,"Prodip","Zambonelli","1953-05-26","1985-07-14","Sales"
469384,"Shahab","Nivat","1954-10-08","1988-02-04","Sales"
469575,"Mircea","Collavizza","1953-04-06","1985-12-24","Sales"
469699,"Xuejia","Rothe","1954-01-07","1988-06-06","Sales"
469938,"Martial","Stroustrup","1953-12-05","1987-09-04","Sales"
470392,"Guadalupe","Lubachevsky","1955-03-08","1985-09-09","Sales"
471948,"Debaprosad","Perng","1955-09-06","1985-04-04","Sales"
473964,"Sanjeeva","Hempstead","1952-10-15","1987-07-10","Sales"
474073,"Nishit","Vigier","1954-07-15","1985-12-15","Sales"
474200,"Masako","Sabnani","1953-07-20","1986-10-06","Sales"
474556,"Duri","Hartvigsen","1952-02-09","1986-05-14","Sales"
474586,"Masamitsu","Wrigley","1954-02-05","1988-03-04","Sales"
474862,"Youpyo","Chinin","1955-03-04","1988-09-10","Sales"
474948,"Gil","Stentiford","1955-01-12","1986-02-09","Sales"
475334,"Dietrich","Hiltgen","1953-11-25","1985-04-07","Sales"
475338,"Oscal","Desikan","1954-05-27","1986-09-15","Sales"
475639,"Maha","Ranka","1954-10-20","1985-12-13","Sales"
475769,"Kazuhisa","Ritzmann","1952-10-05","1985-04-02","Sales"
475847,"Felicidad","Georgakopoulos","1952-04-07","1987-09-03","Sales"
476456,"Remko","Rodiger","1955-04-06","1988-11-20","Sales"
476510,"Alagu","Gimarc","1953-10-01","1986-11-24","Sales"
476564,"Zhilian","Brookner","1955-01-25","1985-02-26","Sales"
477142,"Mrinalini","Stenning","1953-11-16","1985-12-22","Sales"
477251,"Jayson","Ambroszkiewicz","1952-12-22","1986-02-08","Sales"
477255,"Serenella","Juneja","1952-05-01","1985-06-17","Sales"
477312,"Fay","Ramalingam","1955-07-01","1987-05-01","Sales"
477655,"Serap","Oxenboll","1952-10-17","1988-04-30","Sales"
477738,"Nevin","Lamma","1955-11-04","1985-06-25","Sales"
478273,"Dulce","Prochazka","1954-08-05","1988-08-27","Sales"
478678,"Mario","Sethi","1955-06-30","1987-09-16","Sales"
479165,"Chirstian","Pauthner","1954-02-12","1987-01-17","Sales"
479167,"Mayuri","Backhouse","1952-08-27","1986-09-26","Sales"
479293,"Chandrasekaran","Bage","1952-10-13","1986-04-13","Sales"
479543,"Dmitri","Aumann","1955-09-15","1985-06-01","Sales"
479559,"Yuchang","Monkewich","1954-11-04","1988-10-05","Sales"
479582,"Rafols","Grospietsch","1955-10-17","1986-12-11","Sales"
479637,"Genta","Marsiglia","1954-10-07","1988-07-09","Sales"
479867,"Akemi","Anandan","1954-10-27","1987-07-05","Sales"
481000,"Hidefumi","Zirintsis","1954-07-14","1987-12-26","Sales"
481341,"Hidde","Ranka","1953-08-03","1986-01-11","Sales"
482119,"Mitsuyuki","Emden","1955-06-10","1986-01-13","Sales"
482625,"Siamak","Michaeli","1955-12-16","1986-07-20","Sales"
482659,"Zhenbing","Passino","1955-11-07","1985-06-12","Sales"
483074,"Shigeo","Heijenga","1955-01-26","1986-10-17","Sales"
483136,"Marjo","Perko","1955-07-11","1985-04-10","Sales"
483792,"Irena","Unno","1953-09-26","1985-06-07","Sales"
483904,"Xiaoqiang","Berztiss","1952-07-23","1988-07-07","Sales"
485000,"Conor","Quaggetto","1952-08-28","1986-10-08","Sales"
485625,"Huei","Michaels","1954-08-08","1986-08-16","Sales"
485844,"Tsvetan","Monkewich","1953-10-25","1988-08-31","Sales"
486284,"Venkatesan","Peternell","1955-08-29","1985-04-19","Sales"
487743,"Chanjung","Kavvadias","1953-05-10","1985-08-19","Sales"
487977,"Yefim","Gopalakrishnan","1953-10-11","1987-08-19","Sales"
488275,"Ulises","Woycyznski","1955-01-25","1988-08-15","Sales"
488360,"Roselyn","Fioravanti","1954-09-01","1985-03-30","Sales"
488778,"Shaz","Mitina","1955-07-02","1985-08-14","Sales"
489405,"Sarita","Heuter","1953-12-15","1985-07-12","Sales"
489504,"Apostol","Kriebel","1952-08-07","1987-02-18","Sales"
489986,"Remco","Impagliazzo","1953-12-14","1987-08-22","Sales"
490579,"Martien","Guerreiro","1954-09-27","1988-11-06","Sales"
490630,"Sadok","Lenart","1952-04-16","1986-01-07","Sales"
490702,"Akhilish","Msuda","1955-07-22","1987-02-02","Sales"
490730,"Francesca","Chimia","1954-01-05","1985-10-12","Sales"
490930,"Tua","Godskesen","1954-01-13","1986-11-27","Sales"
491099,"Jovan","Iacovou","1952-11-19","1985-03-10","Sales"
491465,"Ramzi","Karner","1954-06-10","1988-04-27","Sales"
491851,"Jaihie","Braccini","1953-05-22","1985-07-30","Sales"
491987,"Francoise","Foong","1954-08-28","1986-02-02","Sales"
492013,"Muzhong","Bugrara","1955-04-14","1985-05-02","Sales"
492361,"Bangqing","Jansen","1952-10-10","1986-01-14","Sales"
492533,"Xiaoheng","Busillo","1955-04-26","1988-07-17","Sales"
492868,"Abdelkader","Trumbly","1953-10-10","1987-08-20","Sales"
493012,"Satyanarayana","Georgatos","1955-10-08","1986-04-15","Sales"
493378,"Demos","Flexer","1955-06-17","1985-08-15","Sales"
493464,"Bader","Tsunoo","1952-06-14","1988-02-17","Sales"
493569,"Mikhail","Salvesen","1952-09-14","1986-08-09","Sales"
493642,"Sanjai","Baig","1955-10-12","1985-06-18","Sales"
494400,"Yongqiao","Schicker","1952-06-02","1987-05-27","Sales"
494425,"Mong","Heping","1952-09-14","1987-04-14","Sales"
494958,"Candido","Redmiles","1952-09-02","1985-05-28","Sales"
495053,"Yongdong","Hatcliff","1952-11-22","1988-11-18","Sales"
495073,"Toshimori","Fontan","1954-05-19","1985-02-18","Sales"
495595,"Hideo","Herber","1955-06-16","1986-05-16","Sales"
496773,"Shaunak","Baak","1952-11-25","1986-10-24","Sales"
497100,"Martial","Miara","1955-08-13","1987-01-02","Sales"
497113,"Edwin","Orlowski","1955-06-18","1986-02-25","Sales"
497578,"Vasilis","Eterovic","1955-05-24","1986-02-07","Sales"
497800,"Nishit","Zambonelli","1952-03-19","1988-11-05","Sales"
498219,"Christophe","Schade","1955-06-29","1988-08-13","Sales"
498628,"Wanqing","Dulay","1955-08-03","1988-06-29","Sales"
499213,"Badri","Eugenio","1953-07-05","1988-07-16","Sales"
499231,"Padma","Hofmeyr","1952-11-20","1987-02-10","Sales"
499575,"Jacqueline","Kisuki","1953-09-12","1985-06-03","Sales"
499688,"Bingning","Perin","1954-10-26","1985-10-19","Sales"
10215,"Xiaobin","Duclos","1954-04-02","1987-10-19","Sales"
10504,"Xiong","Varker","1953-04-07","1988-12-03","Sales"
10767,"Monique","Doering","1954-02-28","1987-06-17","Sales"
10878,"Lakshmi","Deville","1952-06-13","1988-02-25","Sales"
11797,"Chenxi","Thambidurai","1954-08-12","1988-08-30","Sales"
12036,"Mads","Ratzlaff","1953-03-02","1986-09-05","Sales"
12415,"Uri","Sluis","1952-06-05","1986-10-25","Sales"
12454,"Kerryn","Farris","1954-08-21","1986-09-10","Sales"
12541,"Shih","Nanard","1952-04-22","1988-08-31","Sales"
12759,"LiMin","Kuszyk","1953-05-05","1987-05-31","Sales"
12951,"Mohammad","Keirsey","1954-06-15","1987-08-19","Sales"
13124,"Quingbo","Garnick","1955-11-06","1985-03-17","Sales"
13684,"Elvia","Christ","1955-05-03","1985-02-06","Sales"
13721,"Sugwoo","Delgrossi","1952-07-01","1985-08-25","Sales"
13747,"Masaru","Capobianchi","1955-05-11","1987-03-06","Sales"
13951,"Mooi","Genther","1953-01-28","1985-12-28","Sales"
14197,"Adin","Chachaty","1955-08-25","1987-01-21","Sales"
15708,"Reuven","Kushnir","1955-03-04","1988-11-26","Sales"
15740,"Stepehn","Pocchiola","1954-02-22","1988-03-03","Sales"
15938,"Garnik","Covnot","1952-05-06","1988-10-16","Sales"
16490,"Muzhong","Thiria","1955-05-16","1987-04-06","Sales"
16808,"Kiyokazu","Katiyar","1955-04-17","1987-11-10","Sales"
16921,"Evgueni","Yeung","1952-03-28","1988-01-21","Sales"
17573,"Berthier","Deverell","1954-09-18","1987-04-05","Sales"
18297,"Guther","Nastansky","1953-07-19","1985-09-07","Sales"
18435,"Basim","Covnot","1955-11-03","1985-08-07","Sales"
18701,"Mori","Ratnakar","1953-04-16","1985-03-23","Sales"
18789,"Reinhold","Domenig","1953-10-16","1988-02-29","Sales"
18892,"Kamakshi","Matzat","1953-08-19","1986-10-14","Sales"
18994,"Leszek","Mitsuhashi","1955-11-15","1985-09-03","Sales"
19147,"Chaitali","Bennis","1955-11-15","1988-10-18","Sales"
19343,"Heping","Hempstead","1953-10-12","1986-06-02","Sales"
19826,"Fox","Christ","1953-08-20","1985-05-08","Sales"
20266,"Ekawit","Kakkad","1954-08-03","1988-08-14","Sales"
20305,"Gou","Birnbaum","1954-07-20","1988-10-11","Sales"
21007,"Christfried","Junet","1954-08-15","1985-07-09","Sales"
21344,"Mohammed","Vanwelkenhuysen","1953-02-18","1987-07-16","Sales"
21421,"Avishai","Yoshizawa","1955-09-03","1988-10-13","Sales"
21542,"Miomir","Sherertz","1953-07-29","1987-12-16","Sales"
21705,"Aleksandar","Luon","1953-12-27","1987-05-20","Sales"
21980,"Gen","Miyakawa","1953-04-09","1988-03-11","Sales"
22140,"Susanne","Reghbati","1954-10-15","1986-01-14","Sales"
22326,"Mani","Skafidas","1955-04-02","1986-12-09","Sales"
22786,"Moss","Usdin","1954-10-20","1987-08-25","Sales"
23676,"Sham","Openshaw","1955-01-13","1985-03-29","Sales"
23703,"Prodip","Thimonier","1953-02-24","1985-11-10","Sales"
24225,"Shugo","Eiter","1955-07-05","1988-11-08","Sales"
24790,"Kiyokazu","Chachaty","1954-02-12","1986-08-25","Sales"
24853,"Zhongwei","McClurg","1954-03-13","1985-04-26","Sales"
24888,"Murthy","Felder","1952-08-28","1985-03-31","Sales"
24909,"Constantine","Garrabrants","1952-05-23","1988-03-16","Sales"
25599,"Masoud","Pillow","1952-08-03","1986-05-13","Sales"
25935,"Berhard","Parascandalo","1953-11-07","1986-06-22","Sales"
26750,"Baziley","Denis","1955-02-09","1985-02-14","Sales"
26902,"Reinhold","Welham","1955-02-02","1987-09-23","Sales"
27548,"Slavian","Riexinger","1954-04-05","1985-06-07","Sales"
27801,"Naraig","Danecki","1953-12-23","1986-02-19","Sales"
28074,"Shmuel","Syrotiuk","1954-12-09","1985-03-20","Sales"
28242,"Thodoros","Vasanthakumar","1955-03-17","1986-06-15","Sales"
28298,"Holgard","Ritcey","1952-06-04","1988-07-03","Sales"
28359,"Kshitij","Stellhorn","1953-06-12","1985-03-22","Sales"
28555,"Kankanahalli","Wendorf","1954-10-12","1986-10-04","Sales"
28596,"Perla","Porotnikoff","1952-07-10","1987-04-07","Sales"
29539,"Chaosheng","Heering","1954-07-18","1985-08-22","Sales"
29603,"Kristina","Khamsi","1955-06-21","1987-08-22","Sales"
29719,"Sumant","Takkinen","1954-07-18","1985-06-18","Sales"
30513,"Eric","Limongiello","1952-12-05","1987-07-08","Sales"
30525,"Snehasis","Matzen","1952-09-03","1986-10-18","Sales"
30663,"Gurbir","Sigstam","1955-03-28","1988-03-15","Sales"
30673,"Berry","Ozeki","1954-12-23","1987-12-31","Sales"
30923,"Chandrasekaran","Ellozy","1953-02-02","1985-03-10","Sales"
31220,"Radoslaw","Lund","1954-10-31","1987-07-02","Sales"
31343,"Heon","Denos","1955-09-17","1988-09-22","Sales"
31385,"Barry","Daescu","1954-04-01","1987-02-19","Sales"
31429,"Matk","Bernini","1953-09-03","1985-02-22","Sales"
31533,"Trygve","Albarhamtoshy","1954-06-11","1988-12-21","Sales"
31558,"Shuzo","Hmelo","1954-02-14","1988-05-16","Sales"
32204,"Garnet","Leppanen","1953-03-04","1985-10-14","Sales"
32237,"Yucai","Range","1953-06-07","1985-09-04","Sales"
32349,"Hairong","DiGiano","1952-11-02","1988-09-01","Sales"
33184,"Kazuhiro","Kaelbling","1954-03-31","1988-02-28","Sales"
33270,"Chanjung","Ebeling","1954-05-22","1985-05-12","Sales"
34915,"Christ","Tetzlaff","1955-11-23","1988-01-20","Sales"
35659,"Gro","Armand","1955-07-12","1985-11-27","Sales"
35780,"Duro","Tyugu","1954-01-25","1987-05-03","Sales"
35989,"Dmitri","Crelier","1955-07-11","1987-08-20","Sales"
36032,"Mikhail","Luck","1952-04-30","1987-12-25","Sales"
36042,"Chaitali","Prochazka","1955-03-12","1987-09-04","Sales"
36458,"Willard","Garnier","1955-11-13","1985-12-19","Sales"
36591,"Heeju","Goodrum","1953-10-28","1986-12-11","Sales"
36791,"Kinh","Rabejac","1955-01-08","1985-10-16","Sales"
36987,"Brigham","Erde","1954-04-06","1985-04-20","Sales"
37343,"Geoff","Kleiser","1954-10-20","1987-04-03","Sales"
37580,"Alair","Georg","1954-05-05","1988-12-02","Sales"
37600,"Kerhong","Engelmann","1955-12-05","1986-04-10","Sales"
37970,"Cathie","Woycyznski","1952-11-28","1985-02-07","Sales"
38497,"Anyuan","Hiltgen","1954-03-03","1985-12-06","Sales"
38915,"Divine","Hanratty","1953-06-29","1986-04-05","Sales"
40245,"Yucai","Bael","1955-04-14","1986-02-24","Sales"
40417,"Gian","Sundgren","1953-10-28","1988-04-01","Sales"
40977,"Elvia","Sinicrope","1954-01-13","1986-06-10","Sales"
41076,"Maik","Garigliano","1955-01-28","1988-04-30","Sales"
41205,"Charlene","Cusworth","1955-09-21","1985-04-01","Sales"
41251,"Arne","Glinert","1952-06-02","1986-11-06","Sales"
42606,"Moti","Hartvigsen","1955-05-10","1986-11-09","Sales"
43107,"Tooru","Verspoor","1954-04-23","1986-06-24","Sales"
43200,"Geraldo","Plessier","1953-02-03","1987-09-11","Sales"
43249,"Bedrich","Vitiello","1953-04-18","1988-10-10","Sales"
43605,"Boalin","Rodite","1953-10-15","1986-08-19","Sales"
43659,"Aron","Pouyioutas","1955-02-13","1988-02-16","Sales"
44125,"Douadi","Conia","1952-07-26","1987-07-04","Sales"
45311,"Zengping","Talmor","1952-10-27","1987-01-24","Sales"
46356,"Sham","Przulj","1953-05-15","1986-10-03","Sales"
47137,"Valter","Marchegay","1955-09-14","1987-09-16","Sales"
47177,"Harjit","Thimonier","1953-07-29","1986-05-30","Sales"
47825,"Yakichi","Chelton","1955-05-10","1986-03-05","Sales"
47965,"Kotesh","Remmers","1953-03-15","1987-06-16","Sales"
48071,"Rafail","Dulay","1955-02-02","1986-03-05","Sales"
48651,"Vitaly","McClurg","1954-10-28","1986-12-12","Sales"
48683,"Peer","Garnham","1952-09-03","1986-12-08","Sales"
49294,"Mads","Peltason","1955-03-13","1988-11-27","Sales"
49310,"Yechiam","Assaf","1953-08-29","1987-12-03","Sales"
49524,"Saniya","Brender","1954-04-06","1985-03-11","Sales"
49920,"Dekang","Babu","1952-08-15","1987-06-04","Sales"
50103,"Randy","Verspoor","1954-08-15","1985-03-25","Sales"
50356,"Guoxiang","Knightly","1952-02-29","1988-10-22","Sales"
51121,"Debaprosad","Bierbaum","1955-10-28","1986-07-02","Sales"
51294,"Tetsushi","Pell","1953-12-22","1985-05-14","Sales"
52252,"Moty","Bade","1953-11-25","1988-04-05","Sales"
52752,"Barna","Rajcani","1955-01-30","1986-09-20","Sales"
53134,"Shahid","Fasbender","1953-04-03","1985-03-17","Sales"
53243,"Maren","Schach","1953-07-26","1985-09-17","Sales"
53579,"Tuval","Gladwell","1952-08-01","1985-11-27","Sales"
54164,"Sahrah","Penz","1955-10-17","1985-11-23","Sales"
54443,"Gro","Grabner","1954-11-21","1985-10-16","Sales"
54929,"Gilbert","Tramer","1954-03-22","1986-02-02","Sales"
54932,"Kamakshi","Munoz","1953-06-08","1987-01-19","Sales"
55528,"Indrajit","Swiler","1955-04-25","1986-08-05","Sales"
55718,"Jeane","McAffer","1952-11-07","1988-09-23","Sales"
56065,"Mabhin","Nollmann","1953-05-16","1986-11-07","Sales"
56143,"Sakthirel","Bondorf","1953-02-21","1986-10-06","Sales"
56589,"Martial","Goldhammer","1952-08-27","1985-11-23","Sales"
56608,"Denny","Trachtenberg","1953-10-13","1985-07-16","Sales"
56862,"Ymte","Thimonier","1954-03-17","1985-04-02","Sales"
56887,"Fabrizio","Itschner","1952-07-13","1988-12-04","Sales"
56925,"Sverrir","Kilgore","1953-01-28","1988-01-06","Sales"
57373,"Mabry","Zhiwei","1954-09-03","1985-10-27","Sales"
57450,"Shridhar","Lagarias","1955-04-24","1987-08-17","Sales"
57508,"Muneo","Rousseau","1953-09-28","1985-04-30","Sales"
57511,"Weidon","Crabtree","1955-07-08","1986-02-28","Sales"
57521,"Janalee","Baak","1952-07-01","1986-06-22","Sales"
57725,"Patricio","Millington","1953-09-17","1985-06-10","Sales"
57821,"Alejandra","Bolotov","1953-05-07","1986-10-26","Sales"
58010,"Gennady","Broder","1952-09-28","1986-02-16","Sales"
58053,"Zissis","Karunanithi","1953-01-19","1988-12-06","Sales"
58396,"Kenton","Billawala","1955-10-01","1988-05-02","Sales"
58516,"Xianlong","Knightly","1954-01-12","1986-05-09","Sales"
58620,"Toshimori","Rosenbaum","1955-12-15","1986-09-15","Sales"
58895,"Eishiro","Spinelli","1954-02-10","1985-11-21","Sales"
59289,"Yucel","Sridhar","1954-07-18","1988-06-08","Sales"
59309,"Dannz","Sury","1952-09-12","1988-03-27","Sales"
59783,"Volkmar","Raczkowsky","1955-03-16","1988-07-23","Sales"
60965,"Conrado","Loncour","1953-11-13","1987-06-04","Sales"
61340,"Lubomir","Waeselynck","1954-11-11","1986-03-03","Sales"
61667,"Domenico","Hasenauer","1955-11-03","1987-02-12","Sales"
61751,"IEEE","Garrabrants","1954-03-25","1986-12-06","Sales"
62409,"Zhonghui","Peng","1955-04-14","1988-03-18","Sales"
63114,"Danny","Cheshire","1953-11-26","1988-11-20","Sales"
63620,"Mikhail","Knightly","1953-12-10","1985-04-16","Sales"
63688,"Jouni","Spieker","1953-10-22","1985-09-19","Sales"
63934,"Uinam","Hedayat","1953-10-25","1987-06-01","Sales"
64138,"Yuqun","Fetvedt","1954-10-02","1987-08-06","Sales"
65222,"Wilmer","Zaumen","1953-02-06","1986-01-15","Sales"
65748,"Masoud","Gimarc","1953-11-22","1986-04-02","Sales"
65966,"Jessie","Macedo","1955-12-27","1985-12-09","Sales"
66254,"Ghassan","Mahnke","1953-08-22","1985-07-28","Sales"
66289,"Taizo","Keohane","1955-10-30","1986-11-14","Sales"
67146,"Horward","Hertweck","1955-08-25","1986-05-09","Sales"
69019,"Valdiodio","Rothenberg","1955-10-22","1987-09-01","Sales"
69578,"Shim","Sewelson","1953-02-22","1985-08-24","Sales"
69625,"Remmert","Taneja","1954-10-02","1988-11-25","Sales"
69665,"Uzi","Fioravanti","1952-02-29","1985-09-20","Sales"
70087,"Ronghao","Lemarechal","1952-02-08","1987-07-18","Sales"
70180,"Renee","Cichocki","1952-11-21","1986-12-29","Sales"
70425,"Mechthild","Businaro","1955-06-07","1985-11-02","Sales"
71064,"Kokou","Genther","1954-07-13","1985-05-28","Sales"
71076,"Huei","Rosca","1954-03-10","1987-08-22","Sales"
71197,"Rutger","Rebaine","1955-11-27","1986-12-02","Sales"
71773,"Leen","Ebeling","1954-07-01","1985-12-29","Sales"
71979,"Sugwoo","Kropp","1954-01-30","1986-08-09","Sales"
72609,"Baziley","Guting","1952-11-21","1988-01-24","Sales"
72900,"Fan","Schoegge","1955-12-25","1985-07-01","Sales"
72969,"Xinan","Setia","1952-04-04","1988-05-20","Sales"
73035,"Kensyu","Cummings","1953-08-13","1987-07-06","Sales"
73036,"Syozo","Koyama","1952-02-27","1986-11-23","Sales"
74965,"Owen","Babu","1954-10-05","1988-04-24","Sales"
75314,"Valter","Ranst","1954-06-28","1988-03-03","Sales"
75406,"Paraskevi","Luca","1952-04-25","1985-09-17","Sales"
75737,"Koldo","Jording","1954-02-11","1988-12-26","Sales"
76590,"Mats","Bazelow","1953-04-19","1987-08-30","Sales"
76667,"Luisa","Puppe","1952-11-15","1988-07-05","Sales"
76878,"Abdelwaheb","Turnbull","1954-09-23","1985-12-20","Sales"
77081,"Rance","Fritzsche","1952-12-14","1986-06-17","Sales"
77324,"Gila","Isaac","1954-02-12","1987-02-21","Sales"
77568,"Erzsebet","Peck","1953-02-03","1985-08-29","Sales"
77689,"Abdelkader","Swan","1953-04-07","1986-11-16","Sales"
77702,"Barna","Jiang","1954-03-03","1988-11-22","Sales"
78273,"Mona","Verhoeff","1955-12-05","1988-08-07","Sales"
78725,"Yakichi","Scallan","1953-12-25","1986-01-18","Sales"
78763,"Odinaldo","Kandlur","1954-04-10","1985-07-27","Sales"
78852,"Kazunori","Vuskovic","1952-08-27","1987-06-24","Sales"
79049,"Lijie","Besancenot","1952-03-09","1985-10-21","Sales"
79152,"Barun","Rubsam","1953-07-26","1986-07-29","Sales"
79910,"Gad","Honglei","1953-05-17","1985-03-12","Sales"
80070,"Mana","Thisen","1955-05-26","1985-03-28","Sales"
80198,"Yefim","Anger","1955-02-16","1985-04-02","Sales"
80224,"Reinhard","Zaiane","1955-07-21","1988-05-19","Sales"
80620,"Filipe","Gischer","1955-01-17","1985-08-10","Sales"
81157,"Aleksander","Zykh","1954-08-21","1985-10-09","Sales"
81408,"Atreye","Picaronny","1954-10-12","1988-01-25","Sales"
81592,"Monique","Rehfuss","1953-06-10","1985-09-30","Sales"
81636,"Tomokazu","Koshiba","1955-10-20","1985-08-10","Sales"
81730,"Sergi","DuBourdieux","1954-07-31","1985-10-16","Sales"
82027,"Henk","Ellozy","1954-12-31","1986-12-05","Sales"
82668,"Feipei","Menhardt","1953-07-23","1985-10-04","Sales"
82956,"Sudhanshu","Sundgren","1952-10-31","1986-08-03","Sales"
83977,"Masali","Yetim","1955-01-28","1988-02-11","Sales"
84672,"Mihalis","Lamparter","1952-06-28","1987-04-14","Sales"
84720,"Akemi","Champarnaud","1953-01-15","1986-04-30","Sales"
84883,"Vishv","Khalil","1952-11-18","1987-05-08","Sales"
85028,"Ebru","Heydon","1952-12-07","1987-08-30","Sales"
85621,"Steen","Peha","1955-02-14","1987-09-19","Sales"
86351,"Jackson","Staylopatis","1954-01-18","1987-06-15","Sales"
86549,"Ute","Itzfeldt","1953-11-20","1988-06-24","Sales"
86776,"Palash","Danecki","1954-02-27","1987-11-30","Sales"
87711,"Willard","Dulay","1952-12-29","1988-11-16","Sales"
88080,"Mack","Heuser","1953-09-29","1986-09-30","Sales"
88354,"Lijia","Jiafu","1953-10-07","1987-08-30","Sales"
90857,"Kish","Thisen","1953-10-02","1985-07-20","Sales"
91429,"Shaunak","Pollock","1953-09-14","1988-10-04","Sales"
92244,"Vojin","Gadepally","1953-03-07","1988-07-09","Sales"
92359,"Berto","Hanratty","1955-05-25","1986-05-11","Sales"
92914,"Murthy","Vecchi","1953-03-16","1985-09-15","Sales"
92987,"Kiyotoshi","Emden","1954-09-21","1986-03-01","Sales"
93450,"Jiakeng","Kieras","1953-12-31","1987-01-21","Sales"
94172,"Ronnie","Bage","1954-09-07","1986-08-05","Sales"
95883,"Eirik","Koshiba","1955-05-15","1987-05-15","Sales"
96556,"Guttorm","Penn","1954-08-20","1985-10-19","Sales"
97918,"Adel","Pollacia","1952-09-09","1987-09-01","Sales"
99451,"Guenter","Riexinger","1953-02-23","1987-10-30","Sales"
99792,"Kensyu","Calkin","1952-02-26","1988-04-30","Sales"
100395,"Sadun","Kavraki","1954-03-29","1988-04-26","Sales"
100998,"Breannda","Portugali","1952-06-10","1986-07-27","Sales"
101153,"Manohar","Gill","1952-10-05","1986-07-24","Sales"
101172,"Nevio","Schoegge","1952-06-24","1988-03-19","Sales"
101239,"Toshimori","Khalil","1953-08-31","1985-08-18","Sales"
101265,"Emran","Pluym","1953-09-24","1988-05-31","Sales"
101505,"Dietrich","Gornas","1953-01-06","1986-10-17","Sales"
101833,"Cordelia","Couchot","1953-03-03","1988-07-27","Sales"
101878,"Tetsushi","Stroustrup","1955-07-06","1987-03-21","Sales"
102673,"Stamatina","Vigier","1952-09-13","1985-08-04","Sales"
102741,"Palash","Naumovich","1952-09-18","1985-12-15","Sales"
103276,"Takahito","Bernardinello","1954-07-26","1987-04-08","Sales"
103595,"Zhensheng","Hutton","1955-12-11","1986-09-22","Sales"
103926,"Jiafu","Camarinopoulos","1954-03-02","1987-01-07","Sales"
104352,"Xiaoheng","Samarati","1954-08-23","1988-09-23","Sales"
104710,"Munenori","Trogemann","1955-11-05","1986-08-29","Sales"
104870,"Nectarios","Peltason","1954-12-17","1988-12-28","Sales"
105060,"Manu","Rosin","1952-08-01","1986-09-05","Sales"
105138,"Siddarth","Peroz","1955-04-25","1986-12-03","Sales"
105296,"Conor","Peha","1954-01-03","1986-12-17","Sales"
105572,"Vivian","Haldar","1955-05-30","1987-10-07","Sales"
106254,"Gian","Lowrie","1952-09-15","1985-03-21","Sales"
106482,"Alselm","Selenyi","1955-07-20","1986-06-25","Sales"
107333,"Menkae","Frezza","1953-06-30","1985-04-18","Sales"
107747,"Cathie","Erman","1954-11-13","1985-11-16","Sales"
108070,"Khoa","Bennis","1952-12-28","1988-11-10","Sales"
108375,"Greger","Ananiadou","1952-09-13","1986-06-30","Sales"
108406,"Patricia","Bach","1953-06-02","1988-12-03","Sales"
109117,"Arnould","Garnier","1954-09-15","1987-02-12","Sales"
109125,"Adly","Piveteau","1952-11-02","1985-09-23","Sales"
109334,"Tsutomu","Alameldin","1955-08-02","1985-02-15","Sales"
109903,"Gully","Kavraki","1952-12-13","1985-08-17","Sales"
200511,"Duke","Gilg","1955-02-04","1987-03-24","Sales"
200612,"Dannz","Veevers","1955-07-30","1985-12-31","Sales"
200715,"Gretta","Schwabacher","1953-09-06","1988-07-23","Sales"
200951,"Shalesh","Brender","1954-02-27","1988-03-21","Sales"
201195,"Torsten","Trogemann","1952-08-25","1988-11-14","Sales"
201544,"Krister","Zaiane","1953-02-14","1986-09-09","Sales"
202941,"Phuoc","Sinitsyn","1952-12-25","1988-08-22","Sales"
202971,"Fun","Dayana","1952-02-14","1986-04-10","Sales"
202982,"Takahito","Ritcey","1953-09-16","1987-01-21","Sales"
203305,"Naftali","Huttel","1955-05-14","1986-10-01","Sales"
203593,"Leszek","Kirkerud","1952-11-28","1985-05-30","Sales"
204679,"Masaru","Marchegay","1952-02-28","1986-06-25","Sales"
205370,"Geoffry","Marchesini","1953-07-18","1988-07-11","Sales"
205890,"Georgi","Chenoweth","1954-09-28","1987-06-27","Sales"
206065,"Garnik","Spataro","1955-04-08","1985-12-05","Sales"
206277,"Candida","Toyoshima","1955-02-02","1987-12-30","Sales"
206449,"Zhonghui","Rajala","1953-02-01","1985-09-11","Sales"
206697,"Billie","Quaggetto","1952-03-10","1987-06-12","Sales"
207090,"Stein","Uhrig","1952-09-09","1988-01-26","Sales"
207317,"Francoise","Naudin","1953-09-02","1988-06-12","Sales"
207580,"Parto","Harbusch","1953-09-27","1987-05-04","Sales"
207798,"Munir","Gyorkos","1952-09-03","1985-05-14","Sales"
208435,"Arfst","Toyoshima","1953-10-17","1986-05-08","Sales"
208525,"Adam","DiGiano","1955-04-23","1988-10-10","Sales"
208699,"Sachio","Isaak","1952-04-11","1987-07-02","Sales"
208746,"Hatsukazu","Schaaf","1953-11-02","1986-09-17","Sales"
209490,"Martijn","Mundy","1953-10-30","1987-11-02","Sales"
209752,"Amabile","Gulak","1954-10-13","1987-07-31","Sales"
209778,"Przemyslawa","Walstra","1954-02-03","1988-11-25","Sales"
210128,"Olivera","Dayana","1955-01-19","1985-03-09","Sales"
210554,"Piyawadee","Beidas","1953-05-06","1985-02-08","Sales"
210620,"Anyuan","Bierman","1955-03-18","1986-06-13","Sales"
210644,"Hsiangchu","Panangaden","1955-04-19","1987-05-03","Sales"
210751,"Sanjeeva","Syrotiuk","1953-08-14","1988-03-14","Sales"
211007,"Goo","Grandbois","1952-06-02","1985-10-29","Sales"
211427,"Yechiam","Bala","1952-02-03","1985-02-27","Sales"
212210,"Lokesh","Vakili","1955-08-19","1985-04-17","Sales"
212413,"Sanjiv","Limongiello","1952-02-09","1987-01-17","Sales"
212482,"Lubomir","Angiulli","1953-01-03","1985-06-10","Sales"
212982,"Oguz","Covnot","1955-11-25","1988-06-24","Sales"
213059,"Mitchel","Seiwald","1953-05-03","1985-11-11","Sales"
213071,"Jacqueline","Demian","1954-10-16","1988-09-24","Sales"
213076,"Leni","Prampolini","1955-03-31","1987-11-18","Sales"
213228,"Itzchak","Iwayama","1953-01-15","1986-03-03","Sales"
213864,"Marl","Isard","1952-10-28","1985-06-05","Sales"
213981,"Kazuyasu","Melski","1953-06-16","1988-12-20","Sales"
213991,"Miyeon","Erbe","1953-12-25","1985-07-07","Sales"
214085,"Saeed","Baaz","1954-03-15","1986-04-29","Sales"
214769,"Augustine","Peir","1954-07-26","1986-11-13","Sales"
214794,"Val","Ibel","1953-04-08","1987-07-31","Sales"
214874,"Hironoby","Ventosa","1952-10-06","1986-10-29","Sales"
215728,"Harjit","Choobineh","1955-01-03","1986-03-31","Sales"
215864,"Mihalis","Detkin","1953-11-14","1988-11-12","Sales"
216326,"Pantung","Zizka","1955-05-15","1986-01-14","Sales"
216801,"Heon","Vasanthakumar","1953-02-06","1986-12-19","Sales"
218654,"Bedrich","Srimani","1955-08-25","1985-09-20","Sales"
218661,"Haldon","Nitta","1955-08-05","1987-11-07","Sales"
218731,"Youjian","Diderrich","1952-11-24","1985-04-23","Sales"
218740,"Lech","Linnainmaa","1952-04-10","1985-02-04","Sales"
219251,"Gian","Braunschweig","1952-04-30","1985-05-14","Sales"
219329,"Holgard","Heiserman","1955-12-15","1985-08-20","Sales"
219839,"Sugwoo","Swiler","1952-03-30","1986-03-02","Sales"
219977,"Honglan","Escriba","1952-07-06","1986-07-22","Sales"
220722,"Claudi","Slaats","1954-07-08","1985-02-09","Sales"
221760,"Marko","Ellozy","1952-10-26","1988-07-24","Sales"
221770,"Jayesh","Winter","1955-11-23","1986-07-16","Sales"
222427,"Roselyn","Schaft","1952-10-26","1988-02-27","Sales"
222836,"Ishfaq","Aloia","1953-02-11","1988-08-11","Sales"
222949,"Steve","Vieri","1953-09-27","1987-09-26","Sales"
223310,"Jolita","Erdi","1953-01-12","1986-07-14","Sales"
224171,"Chaitali","Ramamoorthy","1952-11-06","1986-03-22","Sales"
224356,"Giri","Tischendorf","1955-04-16","1987-05-09","Sales"
224824,"Leaf","Zedlitz","1954-07-07","1985-09-27","Sales"
224907,"Holgard","Matzke","1952-07-05","1985-05-07","Sales"
225211,"Barry","Krichel","1955-10-15","1985-05-06","Sales"
225307,"Shiv","Angel","1954-09-08","1987-11-19","Sales"
225661,"Hairong","Baer","1954-12-09","1985-04-22","Sales"
226782,"Jaber","Beerel","1955-10-24","1988-06-19","Sales"
226896,"Yurij","Akaboshi","1953-03-27","1986-08-16","Sales"
227159,"Diederik","Roison","1953-07-20","1985-09-15","Sales"
227517,"Aria","Rathonyi","1955-05-01","1986-10-28","Sales"
227650,"Takanari","Juneja","1955-11-21","1988-04-11","Sales"
227996,"Sukumar","Couchot","1954-07-21","1987-12-12","Sales"
228517,"Huei","Leaver","1955-07-23","1985-10-03","Sales"
228861,"KayLiang","Siksek","1954-09-13","1988-04-19","Sales"
229969,"Zine","Walstra","1955-01-07","1986-12-16","Sales"
230314,"Sanjay","Danlos","1954-12-26","1986-10-09","Sales"
230346,"Guiseppe","Trumbly","1954-06-28","1985-04-08","Sales"
230691,"Mantis","Angelopoulos","1953-08-17","1987-01-14","Sales"
230976,"Chuanyi","Serot","1953-06-10","1987-08-21","Sales"
231276,"Jayesh","Butner","1954-02-27","1985-05-21","Sales"
231344,"Ohad","Kalafatis","1955-09-10","1985-09-15","Sales"
231456,"Tsvetan","Sooriamurthi","1955-02-19","1986-10-17","Sales"
231794,"Eran","Wuwongse","1953-05-12","1986-11-19","Sales"
231874,"Murthy","Peroz","1953-05-14","1987-11-19","Sales"
232050,"Tomoyuki","Weedon","1955-04-25","1985-02-23","Sales"
232508,"Kankanahalli","Brickell","1955-01-26","1985-03-19","Sales"
232636,"Duro","Peha","1954-06-14","1985-06-18","Sales"
232679,"Lijie","Baca","1953-10-23","1986-05-20","Sales"
232883,"Gita","Lorie","1955-01-17","1987-12-22","Sales"
232982,"Supot","Etalle","1955-07-14","1988-01-07","Sales"
233951,"Anestis","Hiraishi","1953-09-11","1985-11-14","Sales"
234031,"Xudong","Hitomi","1953-01-19","1986-05-11","Sales"
234932,"True","Brodie","1955-11-06","1986-03-28","Sales"
235225,"Aloke","Binding","1955-10-01","1986-03-28","Sales"
235360,"Lein","Castellani","1952-04-02","1988-11-26","Sales"
235631,"Yechezkel","Khamsi","1955-05-27","1986-01-07","Sales"
235905,"Zeljko","Riefers","1954-12-30","1988-04-09","Sales"
236243,"Jinxi","Daescu","1952-11-17","1988-06-16","Sales"
236381,"Breannda","Stavenow","1954-12-04","1988-10-17","Sales"
237158,"Shaowei","Hertweck","1954-02-20","1987-02-26","Sales"
237438,"Junichi","Kading","1955-11-06","1985-06-21","Sales"
238779,"Shigeaki","Driscoll","1954-07-12","1985-12-13","Sales"
239074,"Chenyi","Koprowski","1954-03-12","1987-05-21","Sales"
239089,"Vidya","Gonthier","1952-11-07","1985-06-17","Sales"
239295,"Pragnesh","Orlowska","1954-05-27","1985-02-06","Sales"
240134,"Lidong","Mattern","1955-04-28","1986-02-26","Sales"
240587,"Zorica","Akazan","1952-03-28","1987-11-29","Sales"
241672,"Augustine","Schlegelmilch","1953-12-20","1987-11-20","Sales"
241842,"Kokou","Staudhammer","1955-04-27","1986-06-07","Sales"
242037,"Izaskun","Yemenis","1952-10-08","1988-09-15","Sales"
242802,"Heng","Shobatake","1955-01-25","1985-12-13","Sales"
243306,"Sailaja","Randt","1954-04-17","1985-06-27","Sales"
243470,"Paloma","Tyugu","1955-10-11","1988-08-20","Sales"
243494,"Dannz","Bernatsky","1953-02-16","1988-10-26","Sales"
243799,"Kiam","Chaudhury","1955-06-05","1985-03-10","Sales"
244177,"Tzu","Champarnaud","1955-09-20","1985-11-12","Sales"
244388,"Tonny","Perin","1954-01-30","1986-01-06","Sales"
245264,"Make","Streng","1953-10-14","1988-11-26","Sales"
245969,"Akhilish","Kushner","1955-11-21","1988-09-27","Sales"
246161,"Xudong","Litvinov","1955-05-18","1988-01-19","Sales"
246253,"Neven","Jansen","1953-09-07","1988-05-07","Sales"
246482,"Tsutomu","Journel","1954-11-01","1988-08-14","Sales"
246757,"Maik","Sury","1954-02-23","1988-07-25","Sales"
247086,"Boaz","Mundy","1952-03-10","1985-03-21","Sales"
247315,"Fei","Lorho","1955-07-20","1988-08-06","Sales"
247411,"Anyuan","Hedayat","1955-04-04","1985-02-14","Sales"
247827,"Arif","Lund","1954-11-24","1988-06-15","Sales"
247860,"Inderjeet","Ruther","1954-08-14","1988-01-24","Sales"
248515,"Duro","Swiler","1953-10-22","1988-09-08","Sales"
248902,"Lihong","Esteva","1953-01-23","1986-08-03","Sales"
248950,"Arco","Olivero","1952-12-25","1988-06-24","Sales"
249468,"Yakkov","Ibel","1955-12-18","1987-07-09","Sales"
249654,"JoAnna","Zizka","1954-07-17","1988-02-28","Sales"
250437,"Khedija","Gyorkos","1954-09-14","1988-06-15","Sales"
250464,"Florian","Gimbel","1953-06-14","1985-10-19","Sales"
250554,"Sachio","Plesums","1954-05-17","1988-01-07","Sales"
251456,"Tua","Raney","1952-03-09","1987-07-11","Sales"
252016,"Hatim","Czaja","1955-09-01","1987-01-04","Sales"
252023,"Kwangsub","Pleszkun","1953-06-13","1985-04-04","Sales"
252058,"Fusako","Shiratori","1955-06-06","1987-04-19","Sales"
253354,"Takahito","Hofman","1955-08-01","1988-04-03","Sales"
253472,"Gianluca","Kusakabe","1953-11-28","1985-06-26","Sales"
253733,"Jiang","Rissland","1955-05-30","1987-07-09","Sales"
254003,"Alenka","Haumacher","1955-09-13","1987-04-12","Sales"
254247,"Van","Furudate","1954-05-10","1986-09-21","Sales"
254869,"Shaz","Thummel","1955-11-30","1985-07-16","Sales"
255499,"Dannz","Engelmann","1952-07-04","1986-07-02","Sales"
255768,"Yuuichi","Plavsic","1954-09-26","1986-02-10","Sales"
255858,"Monique","Marzano","1955-04-22","1987-03-20","Sales"
256241,"Brigham","Uludag","1952-03-24","1985-11-05","Sales"
256637,"Udi","Madeira","1954-10-08","1988-11-18","Sales"
257311,"Bernardo","Cooke","1954-05-17","1988-08-23","Sales"
257705,"Takushi","Jumpertz","1955-05-11","1988-11-03","Sales"
258295,"Susanna","Rosti","1952-02-04","1986-08-05","Sales"
258487,"Vidya","Vingron","1953-12-15","1987-04-03","Sales"
258496,"Serap","Zultner","1952-11-07","1986-07-28","Sales"
258627,"Maris","Cools","1954-03-02","1985-06-23","Sales"
259002,"Karlis","Cummings","1955-08-28","1985-11-29","Sales"
259104,"Masali","Ponthieu","1955-08-01","1985-05-18","Sales"
259127,"Masato","Grandbois","1955-07-20","1985-06-06","Sales"
259194,"Sandeepan","Merli","1953-06-21","1985-04-14","Sales"
259259,"Douadi","Gist","1955-05-15","1985-02-11","Sales"
259326,"Sachar","Perly","1955-06-30","1988-08-25","Sales"
259467,"Marit","Majewski","1955-06-25","1988-10-07","Sales"
259542,"Heekeun","Quaggetto","1953-09-19","1987-04-05","Sales"
259687,"Richard","Ratzlaff","1955-11-11","1986-07-06","Sales"
259716,"Remzi","Kolinko","1952-08-04","1986-08-20","Sales"
259731,"Masaki","Flasterstein","1955-03-22","1986-09-13","Sales"
260145,"Lihong","Rajcani","1955-12-25","1986-08-20","Sales"
260541,"Ute","Scharstein","1952-09-12","1987-04-26","Sales"
260920,"Irena","Highland","1953-01-27","1988-02-04","Sales"
260981,"Reuven","Ermel","1954-06-25","1988-11-09","Sales"
261409,"Chiradeep","Cairo","1952-07-02","1986-11-04","Sales"
262506,"Masamitsu","Fordan","1953-03-28","1985-10-24","Sales"
262557,"Rosalie","Barriga","1955-11-17","1988-10-15","Sales"
262770,"Odysseas","Kermarrec","1955-11-11","1985-10-08","Sales"
263025,"Idoia","Ginneken","1954-04-13","1987-01-10","Sales"
264018,"Djenana","Lorcy","1955-05-03","1987-09-06","Sales"
264193,"Gererd","Desikan","1952-08-09","1986-05-02","Sales"
264354,"Sreekrishna","Lamparter","1954-11-11","1988-09-23","Sales"
264800,"Ymte","Collavizza","1955-10-05","1988-01-17","Sales"
265550,"Fun","Bottner","1955-08-19","1986-04-02","Sales"
265595,"Tooru","Levergood","1955-10-02","1985-09-25","Sales"
265681,"Marsal","Atrawala","1955-03-11","1986-02-23","Sales"
265979,"Guoxiang","Sevcikova","1954-05-20","1988-05-28","Sales"
266173,"Arie","Cannane","1953-09-26","1987-08-19","Sales"
266275,"Greger","Rosch","1953-10-02","1988-07-04","Sales"
267198,"Przemyslawa","Casperson","1954-12-22","1987-10-28","Sales"
267870,"Genevieve","Silva","1953-03-27","1987-06-05","Sales"
267923,"Valter","Karnin","1952-05-03","1986-06-19","Sales"
268207,"Nigel","Baalen","1955-07-17","1988-08-19","Sales"
268355,"Gregory","Petereit","1953-08-25","1987-05-20","Sales"
268398,"Mircea","Zastre","1952-11-30","1985-09-26","Sales"
268620,"Leszek","Kossowski","1954-04-25","1985-11-13","Sales"
268969,"Lein","Kermarrec","1955-08-13","1988-01-14","Sales"
269030,"Aruna","Masada","1952-11-01","1987-08-07","Sales"
269817,"Shigehito","Savasere","1952-07-30","1985-06-03","Sales"
269834,"Wuxu","Erde","1952-06-05","1985-10-22","Sales"
270527,"Hinrich","Strandh","1953-03-11","1985-05-31","Sales"
270849,"Tamiya","Matzel","1954-10-24","1988-12-20","Sales"
270877,"Sariel","Iwayama","1955-10-22","1988-04-24","Sales"
271271,"Yurii","Seghrouchni","1953-07-27","1986-10-18","Sales"
271385,"Abdelwaheb","Sgarro","1955-10-11","1988-05-29","Sales"
271532,"Bilhanan","Heering","1952-07-29","1986-04-27","Sales"
271541,"Vidya","Cronau","1953-05-09","1987-03-19","Sales"
271630,"Fai","Peac","1954-03-16","1985-09-10","Sales"
271980,"Shigenori","Angel","1955-12-16","1986-05-31","Sales"
272670,"Shigeichiro","Schmittgen","1954-05-08","1986-06-04","Sales"
272681,"Jaewon","Matheson","1954-06-03","1988-05-16","Sales"
272897,"Gila","Erde","1952-12-11","1986-12-08","Sales"
274492,"Malu","Zeilberger","1952-10-23","1987-02-19","Sales"
274508,"Rosli","Vickson","1952-04-24","1986-04-03","Sales"
274743,"Irena","Driscoll","1955-10-22","1987-09-17","Sales"
275190,"Phuoc","Lanphier","1952-09-08","1986-11-08","Sales"
275225,"Mong","Luce","1952-06-29","1987-05-08","Sales"
275288,"Sadegh","Sommen","1954-04-13","1985-10-08","Sales"
275367,"Maren","Hebert","1952-08-18","1988-06-13","Sales"
275479,"Georgi","Ratnakar","1954-10-08","1987-03-15","Sales"
276006,"Gurbir","Iisaku","1953-05-28","1985-06-11","Sales"
276053,"True","Lyonns","1954-08-30","1985-06-06","Sales"
276079,"Jessie","Brlek","1953-08-09","1986-02-24","Sales"
276091,"Szabolcs","Halevi","1953-11-14","1987-05-12","Sales"
276258,"Ulf","Denis","1953-02-12","1986-03-01","Sales"
276531,"Michaela","Litvinov","1952-03-16","1987-04-02","Sales"
276766,"Mircea","Axelband","1954-05-15","1987-03-30","Sales"
276800,"Honglan","Remmele","1954-12-06","1988-02-21","Sales"
276844,"Elzbieta","Peltason","1952-05-05","1985-11-27","Sales"
278008,"Krassimir","Merle","1952-03-18","1985-06-30","Sales"
278508,"Mansur","Improta","1953-06-10","1986-01-15","Sales"
279049,"Kamakshi","Roisin","1954-04-17","1987-02-05","Sales"
279187,"Karsten","Millington","1954-03-28","1985-06-21","Sales"
279510,"Makato","Munck","1952-02-02","1986-01-26","Sales"
280255,"Richara","Roccetti","1952-04-24","1986-03-31","Sales"
280396,"Shih","Solares","1953-08-28","1987-09-24","Sales"
280844,"Jeane","Rahimi","1954-02-21","1986-11-03","Sales"
280910,"Arve","Dehkordi","1955-07-15","1988-03-28","Sales"
280918,"Aamod","Codenie","1952-06-17","1986-07-24","Sales"
280979,"Remmert","Orsini","1952-12-17","1986-11-18","Sales"
281277,"Moheb","Pramanik","1953-04-15","1985-07-05","Sales"
281510,"Douadi","Demian","1953-11-20","1985-03-10","Sales"
281548,"Yishay","Lichtner","1955-05-10","1985-03-24","Sales"
281601,"Kitty","Swist","1952-09-15","1985-09-23","Sales"
281776,"Radoslaw","Nilsson","1954-02-28","1986-12-28","Sales"
282251,"Anoosh","Valtorta","1955-12-19","1986-09-15","Sales"
282540,"Randi","Marakhovsky","1954-05-01","1985-03-24","Sales"
283298,"Tesuya","Pietrzykowski","1952-10-17","1986-01-12","Sales"
283768,"Mayuri","Boreale","1952-11-04","1988-03-11","Sales"
283829,"Along","Niizuma","1955-11-30","1988-01-16","Sales"
283949,"Ioana","Kroft","1955-09-17","1987-07-17","Sales"
284423,"Sudharsan","Szmurlo","1952-05-03","1986-03-06","Sales"
284758,"Odoardo","Krichel","1953-07-22","1987-12-06","Sales"
284978,"Toong","Conta","1952-06-19","1988-07-30","Sales"
285524,"Anoosh","Gimbel","1952-08-07","1987-08-25","Sales"
286128,"Eckart","Mitsuhashi","1955-03-27","1985-04-05","Sales"
286423,"Dietrich","Flanders","1953-03-08","1986-08-08","Sales"
286777,"Garnet","Demos","1954-07-07","1985-11-21","Sales"
287181,"Mariusz","Schade","1955-08-13","1987-05-19","Sales"
287406,"Arra","Slutz","1953-01-08","1987-11-16","Sales"
288206,"Jouni","Tiemann","1952-05-13","1985-05-08","Sales"
288389,"Guther","Pietracaprina","1954-01-31","1987-12-23","Sales"
288813,"Licheng","Noriega","1954-02-11","1987-12-03","Sales"
288967,"Mantis","Erbe","1954-06-22","1985-03-23","Sales"
289057,"Eishiro","Theuretzbacher","1954-09-03","1986-06-06","Sales"
289302,"Mani","Lampe","1955-06-07","1988-06-25","Sales"
289950,"Sudharsan","Koshino","1953-11-01","1988-07-25","Sales"
290337,"Jaroslava","Soicher","1954-12-26","1987-07-07","Sales"
290800,"Shmuel","Meriste","1955-03-19","1988-12-11","Sales"
291294,"Yoshimitsu","Luby","1955-12-24","1985-11-22","Sales"
291353,"Alselm","Farrag","1952-08-12","1988-01-13","Sales"
291426,"Geraldo","Cooman","1953-06-10","1986-08-15","Sales"
292198,"Geoff","Gien","1953-07-07","1988-01-14","Sales"
292624,"Huiqun","Jiang","1952-10-11","1985-05-30","Sales"
292970,"Xinyu","Strandh","1954-11-29","1985-11-25","Sales"
293144,"Junichi","Huhdanpaa","1953-10-20","1987-01-20","Sales"
293342,"Dekang","Moehrke","1952-06-17","1988-10-06","Sales"
293632,"Arnould","Kenevan","1954-02-01","1987-01-31","Sales"
294170,"Valeri","Improta","1952-02-19","1986-09-27","Sales"
294606,"Zhilian","Perko","1954-05-19","1988-10-21","Sales"
294618,"Kazunori","Emmart","1955-12-14","1988-08-06","Sales"
294779,"Mountaz","Valiente","1953-04-24","1988-04-06","Sales"
295118,"Navin","Redmiles","1954-07-08","1988-06-17","Sales"
296387,"Yuguang","Riexinger","1955-03-01","1987-08-13","Sales"
296432,"Atreyi","Brendel","1954-05-22","1987-02-22","Sales"
296625,"Goa","Erdi","1954-07-07","1985-05-10","Sales"
297117,"Horward","Gist","1952-07-10","1987-03-28","Sales"
297180,"Shrikanth","Krybus","1955-07-08","1988-04-28","Sales"
297381,"Gio","Muhling","1952-04-18","1988-12-26","Sales"
297470,"Candido","Cesareni","1954-07-13","1988-03-15","Sales"
297580,"Zhonghui","Seiwald","1955-08-09","1986-01-10","Sales"
297717,"Nahid","Karnin","1954-07-18","1986-10-22","Sales"
297778,"Gaurav","Riefers","1952-10-07","1986-03-08","Sales"
298130,"Vugranam","Aloia","1953-09-14","1988-10-08","Sales"
298137,"Cathie","Bashian","1955-01-27","1988-05-28","Sales"
298208,"Roddy","Lipner","1952-02-23","1988-04-02","Sales"
298333,"Huican","Basart","1953-05-07","1988-01-05","Sales"
298761,"Owen","Schicker","1953-05-30","1985-11-14","Sales"
299970,"Yuping","Pargaonkar","1952-10-24","1986-07-09","Sales"
400387,"Boaz","Spinelli","1954-12-13","1985-11-06","Sales"
400565,"Mark","Rusterholz","1954-04-04","1988-01-05","Sales"
401017,"Shigeu","Provine","1954-09-05","1985-06-18","Sales"
401494,"Martial","Hartvigsen","1953-01-19","1987-10-16","Sales"
401678,"Tomofumi","Frijda","1952-11-05","1988-01-27","Sales"
402652,"Zhigen","Toyoshima","1952-03-28","1985-02-13","Sales"
402750,"Youjian","Hofmeyr","1954-07-24","1986-01-22","Sales"
403285,"Geoff","Alameldin","1955-03-18","1987-10-14","Sales"
403488,"Chinya","Crelier","1955-04-09","1986-06-24","Sales"
403867,"Valeri","Chartres","1953-02-23","1988-06-14","Sales"
403979,"Xinglin","Morrin","1954-09-10","1985-10-06","Sales"
404584,"Gennady","Kolinko","1952-04-11","1988-03-12","Sales"
404859,"Koldo","Gelosh","1952-03-26","1986-02-13","Sales"
404980,"Nitsan","Muchinsky","1955-11-28","1987-02-07","Sales"
405765,"Ult","Schach","1953-06-09","1986-04-04","Sales"
406095,"Sushant","Marchesini","1952-07-14","1986-09-11","Sales"
406206,"Garnet","Heemskerk","1952-11-03","1985-08-08","Sales"
407137,"Elliott","Morrey","1953-02-23","1986-12-13","Sales"
407636,"Fumino","Dulay","1952-12-21","1985-08-03","Sales"
407730,"Marlo","Vilarrasa","1952-03-30","1988-09-10","Sales"
407828,"Xinglin","Sundgren","1954-11-19","1986-03-08","Sales"
407991,"Marco","Redmiles","1955-02-11","1988-12-21","Sales"
408181,"Zhigen","Emden","1955-02-15","1988-12-13","Sales"
408277,"Bokyung","Baez","1954-09-27","1988-11-12","Sales"
408339,"Yolla","Seiwald","1953-08-20","1987-01-27","Sales"
409011,"Ramya","Morton","1954-04-21","1986-10-11","Sales"
409120,"Panayotis","Sifakis","1954-02-09","1988-01-12","Sales"
409162,"Nevio","Narwekar","1954-02-02","1988-07-22","Sales"
409436,"Aruna","Heinisuo","1954-09-10","1988-08-05","Sales"
409551,"Iara","Stentiford","1952-08-22","1988-08-15","Sales"
409777,"Jenwei","Beerel","1952-04-08","1988-11-03","Sales"
410106,"Ger","Mungall","1953-10-17","1987-05-13","Sales"
410129,"Goetz","Ranst","1952-09-01","1988-08-15","Sales"
410415,"Marsal","Chenney","1952-11-29","1986-03-05","Sales"
410890,"Mads","Gelosh","1953-07-14","1988-01-30","Sales"
411377,"Arto","Junet","1955-08-15","1987-11-05","Sales"
412282,"Nitsan","Cromarty","1953-03-18","1985-09-25","Sales"
412549,"Mari","Journel","1955-07-11","1988-06-24","Sales"
412560,"Mari","Barinka","1955-01-20","1988-07-07","Sales"
412800,"Goetz","Peha","1955-03-22","1985-04-10","Sales"
412857,"Jacqueline","Marchesini","1953-05-25","1987-05-26","Sales"
413441,"Fumiko","Koshiba","1954-06-11","1985-04-17","Sales"
413642,"Elliott","Bergere","1954-06-07","1986-04-26","Sales"
413919,"Shushma","Nergos","1954-06-28","1987-10-20","Sales"
414088,"Khun","Marakhovsky","1953-04-05","1987-04-26","Sales"
414188,"Taizo","Juneja","1954-10-29","1988-01-24","Sales"
414255,"Mats","Spelt","1953-11-22","1985-06-25","Sales"
414269,"Jamaludin","Flowers","1953-07-05","1987-10-11","Sales"
414666,"Fai","Alpay","1955-02-23","1986-07-16","Sales"
415455,"Kiyomitsu","Rosiles","1952-09-28","1985-04-07","Sales"
415554,"Goh","Panienski","1954-09-22","1986-04-25","Sales"
416018,"Fen","Aloia","1955-11-25","1986-08-18","Sales"
416606,"Salvador","Sadowsky","1955-07-16","1986-05-08","Sales"
416690,"Ulf","Mahmud","1954-06-07","1988-07-10","Sales"
416924,"Vishwani","Ambroszkiewicz","1952-07-20","1988-03-30","Sales"
416948,"Reinhard","Peac","1955-03-09","1985-02-09","Sales"
417123,"Shao","Ramsak","1955-04-20","1986-04-07","Sales"
417129,"Kousuke","Edelhoff","1955-06-28","1987-12-27","Sales"
417328,"Xinyu","Molenaar","1952-04-01","1987-01-28","Sales"
417376,"Leszek","Hertweck","1953-06-04","1985-02-22","Sales"
417633,"Aemilian","Cappelletti","1953-08-03","1988-06-09","Sales"
417914,"Brendon","Luck","1952-12-28","1986-04-18","Sales"
418125,"Khun","Baar","1954-07-22","1985-09-08","Sales"
418857,"Mani","Uehara","1955-07-03","1988-10-19","Sales"
419477,"Nevio","Constantine","1952-04-22","1988-03-23","Sales"
420030,"Arun","Vidal","1955-07-21","1986-03-20","Sales"
420352,"Matk","Krohn","1954-04-05","1986-07-22","Sales"
421111,"Ziva","Benzmuller","1955-01-08","1986-08-19","Sales"
421376,"Weijing","Ranon","1953-10-28","1988-12-04","Sales"
421948,"Marl","Chorvat","1952-02-19","1985-06-05","Sales"
421975,"Hyuckchul","Eastman","1955-09-03","1988-04-29","Sales"
422084,"Guenter","Ranai","1955-05-21","1988-12-15","Sales"
422471,"Owen","Delgrossi","1954-03-24","1988-04-03","Sales"
422506,"Patricio","Lambe","1952-02-27","1988-09-23","Sales"
422558,"Aris","Negoita","1952-04-05","1985-11-16","Sales"
422631,"Richara","Lorin","1955-07-15","1988-01-13","Sales"
422641,"Padma","Hasham","1953-10-16","1986-05-25","Sales"
422782,"JiYoung","Czaja","1954-01-26","1988-11-17","Sales"
423005,"Chenyi","Furedi","1954-11-10","1988-10-21","Sales"
423950,"Gen","Marrakchi","1953-10-27","1988-04-09","Sales"
425262,"Thanasis","Rahier","1955-10-05","1985-04-14","Sales"
425759,"Tiina","Molberg","1954-08-09","1985-02-07","Sales"
425806,"Aemilian","Limongiello","1954-04-10","1986-05-31","Sales"
426428,"Aloke","Bierbaum","1954-07-29","1987-11-23","Sales"
426433,"Danny","Welham","1955-08-30","1988-05-18","Sales"
426849,"Dietrich","Suermann","1952-05-11","1986-03-12","Sales"
427660,"Mayuko","Gils","1952-08-11","1988-08-10","Sales"
427783,"Gennady","Alameldin","1954-08-31","1987-09-16","Sales"
428073,"Lech","Improta","1955-07-16","1985-11-23","Sales"
428506,"Qiwen","Conte","1954-06-23","1987-01-08","Sales"
429648,"Pranjal","Gaughan","1955-05-20","1988-02-20","Sales"
430461,"Fan","Lichtner","1953-05-17","1988-11-10","Sales"
430737,"Jeane","Kadhim","1953-09-03","1987-02-01","Sales"
430859,"Gritta","Bakhtari","1953-07-15","1985-09-26","Sales"
431022,"Randy","Improta","1952-07-06","1988-05-19","Sales"
431494,"Richara","Schnabel","1953-05-25","1987-01-17","Sales"
431773,"Chuanti","Montemayor","1955-01-04","1987-09-23","Sales"
431787,"Lihong","Leuchs","1954-07-21","1988-09-27","Sales"
431901,"Shahid","Kandlur","1952-10-30","1986-11-04","Sales"
432675,"Kazunori","Veeraraghavan","1953-08-29","1986-02-21","Sales"
433825,"Lillian","Szilard","1955-04-05","1988-09-25","Sales"
433922,"Owen","Brookner","1952-12-09","1988-09-26","Sales"
434766,"Basim","Babu","1954-09-10","1988-04-10","Sales"
435127,"Pranas","Lovengreen","1953-09-28","1988-07-16","Sales"
435315,"Georgi","Turnbull","1955-09-22","1986-08-26","Sales"
436062,"Kshitij","Ibel","1952-02-27","1986-08-02","Sales"
436077,"Mabo","Macedo","1952-06-02","1985-02-11","Sales"
436438,"Stevo","Gecseg","1955-04-18","1987-05-24","Sales"
437097,"Salvador","Clemencon","1953-06-17","1987-04-18","Sales"
437125,"Ghassan","Lukaszewicz","1953-05-27","1985-03-03","Sales"
437209,"Nishit","Pero","1952-05-30","1986-09-10","Sales"
437234,"Gil","Sgarro","1953-01-28","1985-08-15","Sales"
437446,"Huai","Ratnaker","1952-07-16","1987-08-08","Sales"
437639,"Barun","Imataki","1954-07-19","1986-07-29","Sales"
437954,"Mong","Sinitsyn","1953-12-04","1986-03-11","Sales"
439185,"Rosalyn","Yurek","1952-07-26","1987-06-21","Sales"
440375,"Mitsuyuki","Bojadziev","1955-12-31","1988-03-21","Sales"
440931,"Yinghua","Dratva","1953-12-29","1986-01-07","Sales"
441477,"Kerryn","Sevcikova","1952-05-03","1987-01-09","Sales"
442188,"Lucian","Rahier","1952-09-08","1986-10-06","Sales"
442754,"Adin","Fabrizio","1952-10-24","1988-12-07","Sales"
442977,"Marlo","Armand","1955-01-28","1986-05-24","Sales"
444274,"Bokyung","Uludag","1953-07-03","1985-05-06","Sales"
444621,"Persi","Hardjono","1953-07-17","1987-07-16","Sales"
444829,"Shuji","Redmiles","1954-07-01","1988-11-05","Sales"
444934,"Oddvar","Attimonelli","1955-05-24","1986-01-30","Sales"
445182,"Subhankar","Kitai","1952-09-15","1985-07-02","Sales"
445315,"Otmar","Conde","1953-06-17","1987-09-10","Sales"
445505,"Vugranam","Khalid","1952-11-03","1986-12-14","Sales"
445632,"Zhiguo","Bressoud","1954-01-12","1987-12-26","Sales"
446244,"Denis","Baez","1955-02-13","1985-11-18","Sales"
446367,"Achilleas","Ananiadou","1953-01-18","1988-11-21","Sales"
446735,"Taizo","Tiemann","1952-07-10","1987-03-16","Sales"
447195,"Jaques","Ruemmler","1952-08-31","1986-07-30","Sales"
447401,"Perry","Feinberg","1953-09-17","1988-03-13","Sales"
448235,"Giao","Flowers","1954-11-24","1987-01-28","Sales"
448237,"Chenxi","Tagansky","1954-12-05","1986-04-10","Sales"
448313,"Chinhyun","Carrere","1955-11-14","1986-09-17","Sales"
448698,"Falguni","Hofman","1953-12-18","1987-10-16","Sales"
449171,"Divier","Luiz","1955-09-16","1987-10-09","Sales"
449567,"Danny","Panienski","1953-01-11","1986-07-27","Sales"
449955,"Abdelkader","Baar","1952-05-27","1988-11-14","Sales"
450585,"Gaetan","Remmele","1954-12-01","1985-03-05","Sales"
450910,"Niranjan","Bodoff","1952-11-10","1988-05-30","Sales"
451441,"Sahrah","Rijckaert","1955-11-08","1988-03-16","Sales"
452096,"Jahangir","Foong","1953-12-27","1988-11-03","Sales"
452687,"Moss","Wissmann","1954-08-15","1985-10-23","Sales"
452778,"Christ","Chandrasekhar","1955-05-01","1985-07-16","Sales"
452911,"Augustine","Bael","1953-04-26","1985-08-23","Sales"
453722,"Maja","Ushiama","1952-07-08","1985-06-11","Sales"
453766,"Vatsa","Begiun","1953-08-16","1986-08-27","Sales"
454057,"Jianwen","Sabnani","1953-05-02","1988-03-18","Sales"
454067,"Uma","Lindenbaum","1955-05-24","1986-11-07","Sales"
454101,"Anneke","Leslie","1952-07-26","1986-11-16","Sales"
454198,"Guenter","Murrill","1955-06-17","1987-07-09","Sales"
454241,"Harngdar","Luff","1955-05-14","1985-07-23","Sales"
454323,"Serenella","Willoner","1953-03-25","1985-04-03","Sales"
454398,"Qunsheng","Braunmuhl","1955-10-10","1987-08-07","Sales"
455204,"Eckart","Conte","1953-10-24","1986-05-16","Sales"
455297,"Tetsushi","Ritcey","1955-08-28","1985-02-26","Sales"
455545,"DAIDA","Delgrange","1954-08-04","1985-08-20","Sales"
455559,"Shan","Papastamatiou","1954-12-12","1988-05-31","Sales"
456657,"Frederique","Akaboshi","1953-08-18","1985-12-15","Sales"
456751,"Danai","Pfau","1952-04-08","1986-08-27","Sales"
457202,"Uzi","Mersereau","1952-12-09","1986-02-21","Sales"
457849,"Vugranam","Benveniste","1952-10-07","1985-08-05","Sales"
459158,"Naftali","Anger","1955-10-14","1986-04-16","Sales"
459249,"Tru","Brookman","1952-07-03","1987-09-24","Sales"
459339,"Khalil","Henseler","1955-06-16","1987-07-19","Sales"
459646,"Uri","Rouquie","1952-07-09","1987-06-18","Sales"
459663,"Yongdong","Hiyoshi","1953-04-11","1985-07-10","Sales"
460186,"Zhanqiu","Papastamatiou","1952-05-10","1985-11-21","Sales"
460395,"Salvador","Rosar","1954-03-12","1987-10-19","Sales"
460655,"Alenka","Azuma","1954-03-16","1988-03-30","Sales"
461102,"Zengping","Bhattacharjee","1954-02-25","1988-08-02","Sales"
461158,"Jenwei","Luef","1954-07-05","1986-04-14","Sales"
461291,"Shigeichiro","Speek","1954-11-22","1987-09-20","Sales"
461364,"Vasilii","Huttel","1953-07-29","1986-05-30","Sales"
462016,"Taiji","Danner","1952-09-13","1988-07-12","Sales"
462282,"Adly","Morton","1954-02-20","1985-07-31","Sales"
462668,"Bedrich","Jenevein","1954-09-17","1988-07-31","Sales"
462705,"Mohit","Norsworthy","1954-03-18","1987-11-05","Sales"
462865,"Kensei","Schaad","1954-07-08","1986-08-13","Sales"
463078,"Shirish","Mateescu","1953-01-23","1988-12-30","Sales"
463312,"Keung","Godskesen","1954-01-19","1988-10-31","Sales"
463463,"Katsuyuki","Klerer","1955-05-29","1985-09-16","Sales"
463519,"Navid","Munch","1952-06-19","1988-03-19","Sales"
463658,"Weiyi","Kroha","1955-08-08","1985-06-26","Sales"
463921,"Lalit","Bahr","1952-02-02","1987-05-27","Sales"
464128,"Elvia","Halloran","1954-05-17","1988-10-31","Sales"
464939,"Woody","Eugenio","1954-06-14","1986-10-14","Sales"
465228,"Rosalie","Iwayama","1955-03-03","1988-09-18","Sales"
465446,"Jaihie","Soicher","1952-12-02","1986-01-01","Sales"
465932,"Mori","Stifter","1953-08-06","1986-01-27","Sales"
466297,"Jaques","Ramras","1953-11-07","1985-07-28","Sales"
466807,"Haldun","Wroclawski","1954-09-26","1988-05-12","Sales"
467027,"Stevo","Gewali","1954-08-06","1986-06-11","Sales"
467204,"Shiv","Tyugu","1954-07-21","1985-11-20","Sales"
467706,"Xianlong","Nastansky","1952-02-22","1988-11-05","Sales"
468237,"Basil","Lieblein","1954-04-25","1987-11-14","Sales"
469293,"Phule","Koyama","1954-03-24","1988-06-08","Sales"
469811,"Marco","Braccini","1953-03-23","1985-05-11","Sales"
470102,"Tze","Stamatiou","1953-12-31","1985-05-14","Sales"
470478,"Masaru","Azadmanesh","1955-01-02","1987-07-13","Sales"
470497,"Unal","Reinhard","1953-02-01","1988-12-15","Sales"
470507,"Kwun","McAlpine","1955-10-30","1986-06-19","Sales"
471444,"Xinan","Welham","1953-10-12","1987-01-28","Sales"
471796,"Khun","Shanbhogue","1955-02-28","1987-02-09","Sales"
472268,"Satoru","Lemarechal","1955-10-17","1987-04-21","Sales"
472513,"Sanjoy","Birta","1952-02-10","1985-06-23","Sales"
473097,"Shooichi","Linnainmaa","1952-08-29","1987-11-09","Sales"
474569,"Paraskevi","Nyanchama","1955-10-24","1988-06-20","Sales"
474943,"Kazuhiko","Pileggi","1954-07-12","1986-12-25","Sales"
475586,"Nakhoon","Servi","1953-03-15","1985-03-05","Sales"
475972,"Huican","Zambonelli","1952-12-06","1986-05-16","Sales"
476023,"Perry","Shihab","1954-01-03","1987-11-04","Sales"
477081,"Aria","Cannata","1952-12-19","1987-03-30","Sales"
477480,"Lein","Bahl","1952-03-20","1987-10-30","Sales"
477754,"Parviz","Taubman","1952-08-21","1987-01-15","Sales"
478075,"Alexius","Stavenow","1952-05-16","1985-11-11","Sales"
478566,"Zhongwei","Luby","1953-11-17","1986-02-13","Sales"
479894,"Ipke","Gonthier","1955-04-09","1987-06-12","Sales"
480044,"Sudhanshu","Jording","1955-07-07","1985-08-05","Sales"
481086,"Marek","Radivojevic","1953-06-11","1988-02-27","Sales"
481250,"Evgueni","Cullers","1952-02-26","1988-07-01","Sales"
481315,"Yuichiro","Petereit","1953-12-14","1987-04-21","Sales"
481372,"Alair","Lupu","1953-08-04","1985-06-18","Sales"
481752,"Adhemar","Copas","1952-04-30","1986-09-23","Sales"
481961,"Arne","Zumaque","1955-06-07","1985-04-04","Sales"
482414,"Hatim","Czap","1952-08-07","1988-09-17","Sales"
482541,"Teruyuki","Masaki","1954-07-12","1986-05-15","Sales"
482820,"Weiye","Barriga","1952-05-27","1986-03-19","Sales"
482863,"Xiaobin","Spieker","1955-03-13","1987-01-29","Sales"
482878,"Chikara","Denti","1953-05-15","1986-01-10","Sales"
483472,"Gita","Pesch","1952-03-28","1988-11-11","Sales"
483876,"Tomofumi","Crouzet","1952-04-02","1988-07-27","Sales"
484305,"Tuval","Mawatari","1953-05-22","1985-10-30","Sales"
484352,"Munehiro","Nannarelli","1955-04-06","1985-09-06","Sales"
485271,"Luerbio","Kushner","1955-07-24","1987-09-01","Sales"
485773,"Shalesh","Denny","1953-10-27","1988-03-15","Sales"
485822,"Alenka","Koyama","1953-02-16","1987-11-01","Sales"
485948,"Idoia","Borstler","1953-10-02","1986-01-24","Sales"
486246,"Shaw","Birch","1953-08-08","1987-04-04","Sales"
487871,"Mantis","Panwar","1955-06-25","1987-06-14","Sales"
488018,"Adamantios","Zweizig","1953-01-05","1988-04-20","Sales"
488068,"Abdelghani","Sabnani","1955-04-30","1987-04-10","Sales"
488741,"Atreyi","Lunt","1954-04-21","1986-02-11","Sales"
488857,"Arto","Garrabrants","1955-06-02","1985-10-08","Sales"
488877,"Magy","Baca","1954-09-08","1985-10-19","Sales"
489113,"Woody","Kriebel","1953-02-11","1988-05-28","Sales"
489321,"Greger","Curless","1955-12-11","1987-09-02","Sales"
489860,"Paloma","Verhoeff","1955-07-19","1986-09-13","Sales"
489880,"Nevio","Pearson","1955-11-15","1987-12-20","Sales"
489901,"Guther","Schaad","1953-09-19","1985-05-02","Sales"
490104,"Adhemar","Lowrie","1955-06-03","1987-10-08","Sales"
490447,"Demin","Alvarado","1952-04-11","1987-07-03","Sales"
490525,"Evgueni","Fasbender","1955-03-05","1988-01-07","Sales"
490614,"Siddarth","Norsworthy","1953-09-12","1986-08-23","Sales"
491146,"Kwee","Lakshmanan","1955-05-27","1985-05-30","Sales"
491326,"Munehiko","Welham","1953-03-17","1985-06-01","Sales"
491719,"Steen","Collette","1955-08-31","1987-01-14","Sales"
491950,"Rosine","Goldhammer","1955-07-11","1986-12-18","Sales"
492341,"Odysseas","Menhardt","1953-05-23","1986-12-29","Sales"
492641,"Mori","Azulay","1954-11-04","1986-07-13","Sales"
493720,"Juyoung","Sridhar","1954-06-04","1987-09-09","Sales"
495033,"Gal","Halloran","1953-12-07","1988-08-20","Sales"
495248,"Baocai","Weisert","1952-12-07","1988-01-18","Sales"
495615,"Tetsushi","Rosis","1953-08-03","1987-07-24","Sales"
495823,"Yishay","Pettit","1953-06-18","1985-04-15","Sales"
496623,"Peer","Honglei","1955-09-30","1986-05-14","Sales"
496882,"Abdelghani","Vural","1954-11-26","1986-03-24","Sales"
497003,"Nagui","Compeau","1952-11-08","1986-10-19","Sales"
497235,"Dzung","Molenkamp","1953-09-19","1987-10-06","Sales"
497925,"Basim","Gonthier","1952-06-27","1985-06-14","Sales"
498168,"Doohun","Stroustrup","1954-09-19","1986-12-13","Sales"
498391,"Kristina","Lagarias","1953-02-12","1985-03-19","Sales"
498613,"Adas","Hofmeyr","1953-01-16","1986-01-02","Sales"
498729,"Eberhardt","Servieres","1954-02-07","1986-05-29","Sales"
499275,"Shridhar","Zlotek","1952-04-19","1985-07-22","Sales"
499292,"Sarita","Schiettecatte","1955-09-12","1986-05-25","Sales"
499986,"Nathan","Ranta","1952-07-22","1985-08-11","Sales"
10088,"Jungsoon","Syrzycki","1954-02-25","1988-09-02","Sales"
10463,"Ung","Zaiane","1954-05-20","1987-12-25","Sales"
10965,"Eckart","Braunschweig","1955-07-10","1986-07-29","Sales"
11506,"Rance","Picel","1955-06-16","1986-07-01","Sales"
11660,"Gill","Stenning","1955-07-19","1986-11-22","Sales"
11813,"Gita","Muhlberg","1952-04-27","1987-03-16","Sales"
12082,"Xinan","Yamaashi","1953-09-20","1986-01-29","Sales"
12732,"Mara","Takanami","1952-09-27","1988-04-06","Sales"
12872,"Marl","Schmittgen","1953-02-18","1986-09-09","Sales"
12890,"Neven","Casley","1955-10-05","1985-10-31","Sales"
12974,"Gift","Frolund","1953-08-13","1986-10-24","Sales"
13213,"Hein","Billawala","1954-12-29","1988-02-03","Sales"
13775,"Arve","Maierhofer","1955-06-30","1987-10-21","Sales"
13916,"Vidya","Wynblatt","1952-04-25","1986-06-06","Sales"
15372,"Nahum","Broder","1954-01-22","1988-10-12","Sales"
15454,"Hongzue","Cesareni","1954-05-20","1986-02-27","Sales"
15641,"Jaana","Roisin","1955-01-28","1986-09-25","Sales"
16396,"Guangming","Yoshimura","1953-10-16","1987-09-14","Sales"
16398,"Limsoon","Krzyzanowski","1955-01-24","1988-11-07","Sales"
16446,"Jouko","Chinin","1955-05-10","1987-07-06","Sales"
16607,"Vishwani","Honglei","1955-02-19","1987-09-18","Sales"
17185,"Danai","Wilfing","1953-08-27","1987-01-19","Sales"
17681,"Eran","Schauser","1952-11-12","1985-09-25","Sales"
17796,"Alejandro","Impagliazzo","1952-12-15","1986-11-18","Sales"
18108,"Sanjai","Genin","1952-02-14","1985-05-16","Sales"
18401,"Vidya","Itzfeldt","1954-10-29","1986-09-10","Sales"
18443,"Florina","Swick","1952-09-29","1988-10-15","Sales"
19031,"Rosella","Pollock","1953-01-31","1988-04-25","Sales"
19160,"Tetsurou","Jervis","1955-07-23","1985-10-11","Sales"
19675,"Isamu","Herath","1952-06-18","1987-06-21","Sales"
19841,"Adil","Straney","1952-07-12","1988-02-29","Sales"
20170,"Emdad","Himler","1954-11-14","1986-10-29","Sales"
20181,"Thodoros","Wegerle","1953-06-02","1987-02-08","Sales"
20538,"Gro","Hebert","1953-11-24","1988-01-08","Sales"
21110,"Shaowei","Solares","1954-07-01","1986-01-26","Sales"
21133,"Carrsten","Brizzi","1954-09-05","1985-11-16","Sales"
21135,"KayLiang","Alpay","1954-10-16","1985-08-31","Sales"
21138,"Niteen","Haraldson","1954-09-17","1986-12-16","Sales"
21566,"Angel","Demos","1955-06-17","1988-11-06","Sales"
21609,"Sibyl","Pappas","1953-05-13","1986-06-19","Sales"
21953,"Bader","Michaels","1952-11-06","1986-03-03","Sales"
22136,"Naftali","Thiran","1954-06-11","1985-02-21","Sales"
22405,"Gritta","Parveen","1955-04-09","1988-01-30","Sales"
22758,"Mabry","Rijckaert","1955-03-28","1986-06-15","Sales"
22873,"Ebbe","Ashish","1952-04-14","1986-11-30","Sales"
23480,"Dannz","Busillo","1954-07-19","1986-03-07","Sales"
23633,"Jinpo","Nyrup","1954-12-08","1985-04-11","Sales"
23817,"Duri","Coorg","1952-10-14","1987-04-15","Sales"
23860,"Malu","Kumaresan","1954-09-13","1988-02-27","Sales"
23946,"Carrsten","Streit","1952-05-28","1987-04-11","Sales"
24397,"Shaibal","Shimshoni","1952-06-01","1988-03-28","Sales"
24489,"Yuuichi","McAffer","1954-04-29","1988-03-14","Sales"
24862,"Susumu","Muntz","1954-09-06","1988-01-21","Sales"
24985,"Martins","Bottner","1952-04-26","1987-04-04","Sales"
25022,"Zengping","Hiroyama","1955-08-04","1988-06-02","Sales"
25370,"Jagoda","Puoti","1954-02-10","1986-02-19","Sales"
26623,"Berni","Barbanera","1954-07-19","1987-03-10","Sales"
26778,"Zeljko","Scharstein","1952-04-14","1985-12-11","Sales"
27368,"Dipayan","Keustermans","1955-12-23","1987-03-26","Sales"
27652,"Jacqueline","Matteis","1952-12-06","1988-05-21","Sales"
27797,"Kazuhisa","Botman","1953-08-31","1987-05-07","Sales"
28281,"Adhemar","Oxenboll","1953-12-28","1985-07-05","Sales"
28344,"Fan","Barriga","1953-03-28","1986-05-13","Sales"
28373,"Steen","Bhattacharjee","1952-12-02","1986-11-29","Sales"
28604,"Rafols","Kirkerud","1955-10-02","1985-03-23","Sales"
28716,"Kristian","Hertweck","1953-06-28","1988-07-20","Sales"
28734,"Arvind","Heydon","1955-08-30","1987-10-09","Sales"
28753,"Leaf","Lichtner","1954-01-07","1986-03-27","Sales"
29261,"Paraskevi","Kopetz","1955-05-26","1986-07-28","Sales"
29573,"Kwangsub","Linnainmaa","1955-12-07","1985-10-14","Sales"
30179,"Shirish","Krzyzanowski","1955-04-06","1986-01-31","Sales"
30546,"Janalee","Oehlmann","1954-01-13","1988-12-23","Sales"
30730,"Willard","Pelc","1953-07-05","1986-02-12","Sales"
30769,"Berry","Frolund","1952-03-14","1987-02-21","Sales"
30831,"Arno","Kermarrec","1953-07-24","1986-11-17","Sales"
31132,"Barna","Ghalwash","1954-01-16","1985-07-05","Sales"
31401,"Hein","Sigstam","1954-02-17","1988-11-06","Sales"
31700,"Weiyi","Ranft","1954-08-12","1986-12-12","Sales"
31719,"JoAnne","Caine","1952-10-04","1986-10-15","Sales"
31890,"Dekang","Shiratori","1952-09-23","1985-09-22","Sales"
32150,"Chenxi","Narwekar","1955-07-17","1986-03-11","Sales"
32439,"Abdelghani","Karner","1952-09-29","1986-07-19","Sales"
32468,"Rafols","Masamoto","1955-11-11","1988-10-25","Sales"
32583,"Siamak","Comte","1954-06-18","1986-07-29","Sales"
32962,"Girolamo","Orlowska","1952-08-29","1987-08-18","Sales"
33009,"Tsutomu","Chinin","1952-11-28","1986-09-30","Sales"
33196,"Jungsoon","Gist","1952-05-27","1986-07-29","Sales"
33216,"Zdislav","Thombley","1953-05-02","1987-06-30","Sales"
33281,"Laurentiu","Kisuki","1953-05-31","1987-04-30","Sales"
33399,"Roded","Lorcy","1955-12-15","1988-07-26","Sales"
33913,"Niteen","Binkley","1953-03-10","1987-11-07","Sales"
34406,"Yefim","Mitsuhashi","1953-03-08","1988-11-26","Sales"
34726,"Shridhar","Emmart","1955-06-04","1985-12-24","Sales"
35373,"Bernd","Kumaresan","1953-08-28","1985-12-30","Sales"
35476,"Frederique","Heinisuo","1953-04-07","1986-11-25","Sales"
36178,"Bernt","Valette","1955-05-03","1986-08-18","Sales"
36968,"Shin","Siprelle","1952-07-21","1985-04-16","Sales"
37426,"Masaki","Farrag","1952-03-09","1988-02-06","Sales"
37577,"Mansur","Narwekar","1952-04-28","1985-09-19","Sales"
37648,"Sreenivas","Luef","1952-03-28","1985-05-09","Sales"
37937,"Xiahua","Pero","1952-11-04","1987-08-09","Sales"
37948,"Jayson","Zykh","1954-08-18","1986-10-24","Sales"
38019,"Charlene","Yoshimura","1953-05-29","1985-12-22","Sales"
38076,"Kiyotoshi","Flowers","1952-05-09","1987-09-14","Sales"
38618,"Houman","Ibel","1952-06-17","1988-01-23","Sales"
38852,"Niranjan","Lorys","1953-11-05","1986-08-13","Sales"
39236,"Faiza","Nivat","1952-08-21","1987-10-03","Sales"
39933,"Deborah","Bennet","1953-03-17","1988-05-26","Sales"
39970,"Sachar","Sgarro","1954-08-03","1987-09-11","Sales"
39992,"Mohit","Gadepally","1953-10-26","1988-10-04","Sales"
40891,"Jinya","Kaltofen","1953-12-21","1987-03-15","Sales"
41934,"Lansing","Bratten","1952-06-08","1987-04-20","Sales"
42434,"Diederik","Lagarias","1952-06-22","1988-09-02","Sales"
42698,"Lokesh","Perng","1954-05-03","1988-12-09","Sales"
42768,"Gita","Yoshizawa","1953-06-09","1986-04-24","Sales"
43207,"Itzchak","Shihab","1953-08-06","1988-04-07","Sales"
43709,"Mohua","Munck","1953-11-17","1988-12-06","Sales"
43716,"Odysseas","Felder","1954-03-17","1985-12-10","Sales"
43907,"Zhonghua","Otillio","1955-12-17","1986-11-08","Sales"
44070,"Luerbio","Onuegbe","1953-01-11","1988-08-14","Sales"
44750,"Bernice","Coors","1955-09-12","1987-02-26","Sales"
45466,"Guiseppe","Tomescu","1952-12-12","1986-03-19","Sales"
45546,"Gopalakrishnan","Lanphier","1952-06-08","1986-05-31","Sales"
45915,"Paddy","Gluchowski","1955-01-04","1988-06-12","Sales"
45919,"Aemilian","Denti","1954-10-22","1988-09-10","Sales"
45923,"Masato","Xiaoshan","1954-05-11","1988-03-21","Sales"
45973,"Mokhtar","Bernatsky","1953-08-18","1986-08-05","Sales"
46439,"Ibibia","Junet","1953-01-31","1985-05-20","Sales"
46574,"Yuping","Sinitsyn","1955-12-13","1987-04-12","Sales"
46619,"Taizo","Docker","1954-04-05","1985-10-23","Sales"
46858,"Lubomir","Gente","1954-06-24","1988-11-05","Sales"
47005,"Eric","Selvestrel","1953-09-22","1988-08-12","Sales"
48081,"Werner","Speel","1952-06-28","1986-09-11","Sales"
48092,"Shuichi","Furudate","1952-06-22","1985-03-13","Sales"
48139,"Perry","Bultermann","1955-12-23","1988-08-19","Sales"
48534,"Mountaz","Bultermann","1954-07-15","1988-05-07","Sales"
48630,"Pramod","Yurek","1954-06-24","1987-09-29","Sales"
48946,"Marsja","Shobatake","1954-12-25","1986-10-19","Sales"
49003,"Odoardo","Laventhal","1953-07-19","1988-01-26","Sales"
49115,"Xinan","Engelmann","1954-07-05","1988-02-17","Sales"
49515,"Feipei","Schmiedel","1952-06-16","1985-11-25","Sales"
50046,"Jiakeng","Lyonns","1954-10-02","1986-03-26","Sales"
50075,"Shaz","Muntz","1953-01-23","1988-04-14","Sales"
50083,"Patricio","Waymire","1953-02-23","1986-12-08","Sales"
50207,"Feiyu","Huxford","1955-08-16","1987-03-23","Sales"
50478,"Leni","Benzmuller","1955-10-13","1987-07-25","Sales"
51062,"Werner","Narlikar","1953-09-08","1988-08-28","Sales"
51413,"Changho","Willoner","1955-11-30","1988-03-09","Sales"
51414,"Mohammed","Improta","1952-07-08","1985-08-18","Sales"
51431,"Debaprosad","Merro","1952-09-28","1985-11-03","Sales"
51507,"Khalid","Gubsky","1952-12-30","1986-03-31","Sales"
51520,"Goh","Bierman","1954-11-19","1985-02-17","Sales"
51639,"Abdelaziz","Czap","1954-11-27","1987-09-23","Sales"
51640,"Remco","Munro","1954-04-19","1986-03-06","Sales"
52511,"Zhanqiu","Luca","1952-07-01","1985-10-31","Sales"
53140,"Xiong","Swick","1953-03-21","1986-04-18","Sales"
53204,"Nirmal","Bernatsky","1954-05-17","1985-07-05","Sales"
53257,"Rosalie","Baalen","1955-05-25","1987-10-26","Sales"
53418,"Hiroyasu","Alencar","1953-07-09","1985-07-03","Sales"
53751,"Teruyuki","Jayawardene","1955-01-22","1985-08-22","Sales"
54655,"Lenore","Kossowski","1952-12-07","1988-02-21","Sales"
55571,"Arie","Pusterhofer","1952-09-19","1987-12-04","Sales"
55933,"Kristin","Kirkerud","1955-07-29","1988-09-11","Sales"
56227,"Shen","Makrucki","1954-08-15","1987-03-01","Sales"
57768,"Izaskun","Talmor","1952-07-31","1985-09-14","Sales"
58337,"Tooru","Baek","1952-07-23","1985-03-26","Sales"
59434,"Saddek","Smailagic","1955-10-19","1988-07-18","Sales"
59560,"Shuho","Roisin","1953-09-21","1986-01-06","Sales"
59707,"Bezalel","Tyugu","1952-04-01","1987-02-16","Sales"
60172,"Kiyokazu","Perl","1955-09-17","1988-07-14","Sales"
60216,"Elrique","Lichtner","1955-04-23","1988-08-09","Sales"
60259,"Chrisa","dAstous","1954-08-23","1988-03-09","Sales"
60270,"Souichi","Angiulli","1952-02-05","1987-11-14","Sales"
60753,"Kazuyasu","Krybus","1953-02-03","1988-09-21","Sales"
60767,"Gianluca","Munos","1955-05-15","1988-07-18","Sales"
60815,"DAIDA","Oxman","1952-09-04","1987-12-21","Sales"
61264,"Shuzo","Sethi","1955-09-04","1987-10-25","Sales"
61399,"Unal","Chinen","1952-07-27","1985-03-18","Sales"
61486,"Weiye","Bierman","1954-04-30","1986-06-19","Sales"
62449,"Jixiang","Angelov","1955-11-07","1987-12-24","Sales"
63427,"Takahito","Nooteboom","1955-08-04","1985-08-30","Sales"
64226,"Margo","Mersereau","1954-10-10","1986-12-21","Sales"
65028,"Yifei","Businaro","1953-12-05","1987-02-10","Sales"
65394,"Jacqueline","Lamma","1953-12-15","1986-04-27","Sales"
65428,"Herbert","Luby","1954-05-28","1986-05-20","Sales"
65942,"Houman","Jarecki","1955-04-16","1986-12-04","Sales"
66198,"Seongbin","Edelhoff","1954-03-05","1985-08-04","Sales"
66356,"Masato","Coorg","1954-07-17","1985-12-27","Sales"
66455,"Doohun","Puppo","1954-03-20","1988-06-10","Sales"
66480,"Subhrajyoti","Tempesti","1952-06-22","1986-10-28","Sales"
66560,"Leaf","Lammel","1954-11-23","1986-02-22","Sales"
67570,"Odysseas","Baig","1954-07-20","1986-10-17","Sales"
68381,"Stabislas","Hasham","1955-11-29","1985-03-11","Sales"
68547,"Ulf","Figueira","1955-10-23","1985-10-10","Sales"
68604,"Kannan","Dymetman","1952-04-09","1988-03-15","Sales"
69961,"Tremaine","dAstous","1953-05-09","1985-05-05","Sales"
70380,"Alassane","Denos","1954-12-09","1987-05-04","Sales"
71001,"Lobel","Schnelling","1955-06-19","1988-03-03","Sales"
71351,"Otmar","Guerreiro","1953-11-23","1986-09-05","Sales"
71398,"Sanjeeva","Krohn","1952-03-14","1985-08-30","Sales"
71826,"Chandrasekaran","Brickell","1953-07-20","1987-08-08","Sales"
71871,"Kien","Molenkamp","1954-09-29","1986-10-31","Sales"
72761,"Arto","Schlegelmilch","1954-01-19","1986-01-05","Sales"
72967,"Menkae","Brobst","1955-04-14","1988-08-09","Sales"
73510,"Jouni","Reeken","1954-02-27","1986-11-26","Sales"
73621,"Gadiel","Imataki","1954-01-05","1987-12-21","Sales"
74122,"Sushant","Cappello","1954-11-26","1988-01-27","Sales"
74186,"Nectarios","Landherr","1953-10-24","1987-07-18","Sales"
74684,"Oguz","Bernatsky","1955-12-12","1986-02-19","Sales"
75061,"Jeanne","Benner","1954-05-31","1985-06-14","Sales"
75096,"Faiza","Himler","1954-02-08","1986-11-20","Sales"
75489,"Mani","Begiun","1953-04-02","1985-12-25","Sales"
75640,"Bokyung","Pocchiola","1952-02-05","1986-10-09","Sales"
75668,"Sarita","Bratsberg","1955-06-08","1988-09-14","Sales"
76078,"Hausi","Poehlman","1952-03-28","1987-01-28","Sales"
76300,"Ranga","Luan","1954-04-03","1985-04-06","Sales"
76493,"Mansur","Oxman","1953-07-18","1987-12-09","Sales"
76749,"Luise","Raoux","1954-11-01","1988-01-16","Sales"
77579,"Shooichi","Mandelberg","1954-02-18","1986-04-05","Sales"
78251,"Subbu","Conti","1954-07-06","1987-04-17","Sales"
78508,"Val","Pluym","1953-10-11","1986-08-17","Sales"
79463,"Mizuhito","Hennebert","1954-04-02","1985-10-26","Sales"
79673,"Jacqueline","Daescu","1952-05-24","1985-06-14","Sales"
81006,"Atreye","Pagter","1952-07-09","1987-02-20","Sales"
81189,"Serge","Broomell","1953-08-20","1986-04-13","Sales"
81603,"Suzette","Zuberek","1955-09-17","1988-02-04","Sales"
81973,"Shigenori","Panienski","1954-07-21","1987-08-22","Sales"
82110,"Vugranam","Gecsel","1954-05-29","1986-04-11","Sales"
82263,"Vishv","Haumacher","1953-07-31","1987-07-06","Sales"
82609,"Kazuhide","Marzano","1952-12-08","1986-06-03","Sales"
82889,"Arif","Farrag","1954-12-08","1988-09-10","Sales"
83797,"Kazuhisa","Fontan","1952-09-08","1985-05-29","Sales"
83829,"Cristinel","Zielinski","1952-09-13","1986-03-15","Sales"
83850,"Mooi","Bugaenko","1954-07-19","1986-04-17","Sales"
84219,"DeForest","Vuskovic","1954-10-04","1988-11-14","Sales"
84370,"Fei","Reghbati","1954-09-22","1986-03-08","Sales"
84907,"Miomir","Smailagic","1955-03-04","1987-11-22","Sales"
85017,"Falguni","Swiler","1952-06-23","1986-07-12","Sales"
85537,"Tzu","Bernatsky","1955-04-11","1986-03-26","Sales"
85641,"Breannda","Buescher","1955-02-03","1987-05-10","Sales"
85725,"Khedija","Candan","1953-07-08","1986-08-16","Sales"
86395,"Duke","Grospietsch","1954-07-08","1988-09-22","Sales"
86399,"Guozhong","Baek","1954-02-28","1986-09-17","Sales"
86612,"Yuchang","McAffer","1954-01-09","1987-09-04","Sales"
87347,"Kazuhiko","Katalagarianos","1955-08-16","1986-12-14","Sales"
87697,"Sanjoy","Luit","1953-02-05","1986-08-10","Sales"
88247,"Marjo","Fasbender","1953-01-23","1986-10-09","Sales"
88811,"Filipp","Ghazalie","1955-11-21","1988-08-18","Sales"
88975,"Miomir","Baak","1954-05-28","1986-10-06","Sales"
89026,"Rafols","Siprelle","1953-03-02","1988-12-28","Sales"
89265,"Munir","Gopalakrishnan","1952-09-10","1987-12-25","Sales"
89767,"Minghong","Bonifati","1952-03-14","1988-02-28","Sales"
89887,"Zhonghui","Munro","1953-11-08","1986-04-22","Sales"
90052,"Gill","Cangellaris","1953-12-05","1988-02-19","Sales"
90329,"Palash","Renear","1952-09-25","1986-09-22","Sales"
90749,"Martins","Vesna","1953-09-28","1985-02-13","Sales"
91382,"Oksana","Puppe","1954-01-05","1985-03-02","Sales"
91452,"Nevio","Flasterstein","1955-04-07","1986-09-08","Sales"
91637,"Gino","Menhoudj","1954-02-05","1985-02-27","Sales"
93357,"Padma","Prochazka","1954-11-03","1985-07-04","Sales"
93412,"Sivanarayana","Sinicrope","1952-08-05","1987-09-09","Sales"
93433,"Abdelkader","Tchuente","1953-05-01","1985-04-16","Sales"
93932,"Giap","Parveen","1953-04-19","1987-10-09","Sales"
93938,"Boutros","Veeraraghavan","1953-07-16","1986-06-14","Sales"
94042,"Yonghoan","Bruckman","1955-05-02","1985-07-20","Sales"
94210,"Ekawit","Pouyioutas","1954-10-24","1985-09-29","Sales"
94405,"Ramalingam","Escriba","1953-02-21","1986-05-30","Sales"
94462,"Sadegh","Lukaszewicz","1955-01-02","1987-10-31","Sales"
95317,"Srinidhi","Rosis","1954-01-27","1987-02-05","Sales"
95943,"Guozhong","Luit","1953-03-13","1985-05-28","Sales"
95999,"Owen","Murillo","1953-02-25","1988-11-10","Sales"
96278,"Dipankar","Deyuan","1955-10-01","1987-07-12","Sales"
96617,"Shirish","Peak","1952-10-14","1985-04-16","Sales"
96630,"Danai","Porenta","1953-11-04","1988-09-09","Sales"
97523,"Bikash","Suppi","1955-12-29","1987-10-05","Sales"
97726,"Guther","Veevers","1955-06-19","1986-04-16","Sales"
97808,"Dharmaraja","Bolotov","1953-06-07","1985-02-11","Sales"
98017,"Sachio","Gils","1955-11-28","1985-05-21","Sales"
98128,"Kazuhisa","Ambroszkiewicz","1955-07-31","1988-10-16","Sales"
98307,"Douadi","Leijenhorst","1955-10-06","1987-04-28","Sales"
98807,"Aloys","Hanratty","1953-08-30","1986-03-28","Sales"
99729,"Dmitri","Porenta","1953-09-28","1988-06-22","Sales"
100406,"Yoshinari","Coors","1954-07-28","1985-10-11","Sales"
100673,"Giri","Jiang","1952-02-28","1986-12-31","Sales"
100725,"Zvonko","Maliniak","1953-08-03","1986-01-05","Sales"
101180,"Subhada","Przulj","1952-08-28","1985-02-22","Sales"
101240,"Oldrich","Perin","1954-04-13","1986-01-18","Sales"
101848,"Jouko","Kolinko","1955-03-08","1987-09-17","Sales"
102410,"Boalin","Alpay","1954-09-04","1986-10-17","Sales"
102433,"Arch","Peek","1952-09-02","1987-03-31","Sales"
102440,"Yucai","Farrow","1953-10-19","1988-06-20","Sales"
102456,"Leni","Kaminger","1954-10-22","1987-10-18","Sales"
102810,"Jiafu","Birsak","1953-01-15","1988-01-06","Sales"
104402,"Gonzalo","Molenaar","1955-07-18","1987-09-27","Sales"
104520,"Vishv","Neimat","1955-05-13","1986-11-09","Sales"
104682,"Toshimori","Speek","1954-10-15","1985-05-04","Sales"
104765,"Giordano","Samarati","1952-12-23","1987-04-14","Sales"
105226,"Murthy","Menyhert","1955-03-14","1987-04-11","Sales"
105441,"Abdelghani","Haldar","1953-09-02","1985-04-03","Sales"
105634,"Szabolcs","Mullainathan","1954-06-22","1986-06-19","Sales"
105662,"Jinpo","Hoogerwoord","1954-01-18","1986-05-03","Sales"
105841,"Jessie","Spelt","1952-04-15","1985-03-09","Sales"
106133,"Guadalupe","Heijenga","1954-09-13","1986-12-16","Sales"
106143,"Kristina","Pashtan","1955-09-18","1986-01-12","Sales"
106371,"DAIDA","Ratzlaff","1955-02-18","1986-10-05","Sales"
106837,"Elvia","Nitto","1953-06-07","1986-05-12","Sales"
106838,"Hatem","Luke","1954-09-15","1986-09-16","Sales"
106935,"Kazuhiko","Farrow","1954-06-22","1986-01-17","Sales"
107053,"Chinho","Macedo","1953-08-22","1987-06-27","Sales"
107307,"Eberhardt","Boyle","1954-11-26","1988-03-05","Sales"
108551,"Yahiko","Garnick","1952-05-11","1986-12-28","Sales"
109181,"Rildo","Lally","1954-02-24","1988-01-14","Sales"
109740,"Jacqueline","Bahl","1954-03-17","1988-07-24","Sales"
200575,"Izaskun","Kuzuoka","1955-12-15","1986-09-05","Sales"
200593,"Kagan","Henders","1955-03-05","1986-06-21","Sales"
200750,"Jeane","Kusakabe","1955-07-13","1985-07-16","Sales"
200971,"Ferdinand","Jullig","1953-09-24","1988-12-10","Sales"
201178,"Kristof","Conta","1952-11-25","1988-11-21","Sales"
201266,"Uma","Rissanen","1955-10-27","1988-02-14","Sales"
201362,"Pradeep","Luck","1954-03-27","1988-12-22","Sales"
201645,"Gino","Olano","1952-08-21","1985-05-28","Sales"
201777,"Wonhee","Perl","1955-11-14","1985-05-23","Sales"
201848,"Elvis","Ebeling","1955-01-15","1988-12-27","Sales"
202310,"Krister","Perko","1954-04-30","1988-08-10","Sales"
202386,"Nadjib","Marshall","1953-11-12","1987-10-23","Sales"
202437,"Barna","Schaar","1954-04-10","1986-01-10","Sales"
202948,"Haldon","Bruckman","1954-02-10","1987-11-22","Sales"
203395,"Leaf","Apsitis","1953-01-30","1985-08-15","Sales"
203434,"Yannik","Boreale","1953-07-26","1986-02-23","Sales"
203600,"Fai","Journel","1952-03-22","1987-11-14","Sales"
204067,"Brigham","Pews","1953-02-26","1985-08-02","Sales"
204703,"Sreekrishna","Spataro","1955-12-16","1986-09-06","Sales"
204977,"Martina","Perl","1955-04-05","1988-04-26","Sales"
205161,"Divier","Kisuki","1954-05-22","1985-11-18","Sales"
205325,"Serenella","Harllee","1953-10-13","1986-10-25","Sales"
205629,"Guiseppe","Genin","1955-10-14","1988-11-26","Sales"
206241,"Kazuhira","Danecki","1953-12-21","1988-09-28","Sales"
206287,"Visit","Valette","1953-10-20","1987-01-14","Sales"
206526,"Hauke","Chepyzhov","1954-01-16","1987-09-11","Sales"
206691,"Gennady","Cincotta","1954-02-24","1985-07-25","Sales"
206847,"Luise","Akazan","1955-04-03","1985-05-15","Sales"
208546,"Piyush","Garnier","1954-07-12","1986-09-07","Sales"
208686,"Gadiel","Farrag","1952-10-06","1985-05-15","Sales"
208750,"Leif","Thummel","1953-04-10","1986-12-24","Sales"
209174,"Kiam","Vidal","1953-08-17","1987-09-29","Sales"
210155,"Eirik","Koblitz","1953-11-23","1987-03-03","Sales"
210182,"Patricio","Junet","1955-11-17","1986-07-05","Sales"
210269,"Huan","Hitomi","1952-10-30","1986-11-20","Sales"
210301,"Karoline","Suri","1954-11-30","1988-02-14","Sales"
211534,"Jianhua","Cardazo","1954-02-15","1986-03-28","Sales"
211644,"Menkae","Trogemann","1952-03-30","1986-02-22","Sales"
212737,"Eckart","Mitchem","1953-08-06","1985-10-17","Sales"
212796,"Troy","Eiron","1955-02-11","1987-07-02","Sales"
213525,"Kamran","Hellwagner","1953-08-02","1985-07-01","Sales"
213843,"Chaoyi","Plump","1955-08-24","1988-07-19","Sales"
214436,"Ashish","Panangaden","1954-09-12","1988-11-10","Sales"
214441,"Padma","Sgarro","1954-08-25","1987-12-17","Sales"
214842,"Nikolaus","Businaro","1955-03-22","1987-09-23","Sales"
215104,"Giap","Guting","1953-08-07","1988-12-30","Sales"
215218,"Shiv","Cappello","1955-11-10","1987-10-26","Sales"
215326,"Danae","Furudate","1953-01-12","1985-06-03","Sales"
215523,"Feixiong","Emmerich","1953-08-02","1986-01-08","Sales"
215924,"Bojan","Rotem","1955-08-30","1987-10-17","Sales"
216102,"Baziley","Vingron","1954-10-18","1987-04-18","Sales"
216549,"Menkae","Raney","1955-09-28","1986-12-03","Sales"
216599,"Marsja","Pettey","1955-07-07","1987-01-03","Sales"
217349,"Atreyi","Zeleznik","1952-05-31","1988-03-01","Sales"
217561,"Kiyotoshi","Ananiadou","1955-04-02","1987-11-26","Sales"
217564,"Marie","Schnabel","1955-10-14","1987-03-31","Sales"
217991,"Kenton","Reinhard","1952-04-30","1987-10-21","Sales"
218183,"Zsolt","Papastamatiou","1953-02-17","1985-11-04","Sales"
218919,"Abdulah","Shackel","1955-01-30","1986-01-10","Sales"
219462,"Quingbo","Uludag","1952-11-29","1985-06-26","Sales"
219548,"Anestis","Naumovich","1953-05-01","1987-04-12","Sales"
219661,"Jayson","Cronin","1954-11-13","1987-10-13","Sales"
219907,"Huan","Tyugu","1954-05-29","1988-03-14","Sales"
220051,"JoAnne","Matheson","1952-05-29","1985-04-16","Sales"
220358,"Geraldo","Magliocco","1955-04-28","1985-07-14","Sales"
220617,"Turgut","Millington","1955-11-19","1988-02-11","Sales"
220998,"Eckart","Bael","1954-08-02","1987-06-20","Sales"
221139,"Harngdar","Pietracaprina","1955-08-17","1988-01-28","Sales"
221663,"Parto","Pileggi","1954-12-29","1985-05-06","Sales"
221709,"Edwin","Parascandalo","1953-08-13","1988-09-17","Sales"
222145,"Zhiwei","Huttel","1954-02-02","1987-06-21","Sales"
223389,"Shuho","Adachi","1953-09-01","1987-12-05","Sales"
223822,"Remco","Geffroy","1955-07-26","1987-07-29","Sales"
224269,"Makato","Kornatzky","1954-12-25","1987-12-15","Sales"
224680,"Beshir","Liedekerke","1955-04-06","1986-07-22","Sales"
225255,"Dharmaraja","Shumilov","1955-06-26","1986-02-10","Sales"
225301,"Huican","Collavizza","1955-05-21","1985-11-17","Sales"
225463,"Temple","Masada","1954-07-16","1988-08-05","Sales"
225615,"Zhonghui","Clouatre","1955-03-10","1985-09-01","Sales"
226112,"Susanna","Gomatam","1952-03-08","1985-08-24","Sales"
226369,"Kensei","Heping","1953-01-31","1986-10-21","Sales"
226699,"Zsolt","Bolsens","1955-12-30","1988-12-29","Sales"
227662,"Gou","Preusig","1954-01-27","1985-03-14","Sales"
227689,"Dannz","Seuren","1955-10-07","1985-06-06","Sales"
228071,"Taegyun","Laurillard","1953-11-05","1987-11-03","Sales"
228146,"Navin","Rande","1955-09-10","1987-04-17","Sales"
228591,"Tristan","Petereit","1954-06-05","1988-01-22","Sales"
229046,"Fabrizio","Denti","1955-09-20","1988-10-18","Sales"
229368,"Chuanti","Marrevee","1953-08-23","1988-06-28","Sales"
229761,"Amalendu","Garnham","1953-09-19","1988-12-22","Sales"
230008,"Sajjan","Angelopoulos","1952-03-15","1985-02-11","Sales"
230047,"Yucai","Jullig","1952-09-13","1988-11-17","Sales"
230136,"Lorien","Iisaka","1954-08-04","1988-05-08","Sales"
230280,"Karlis","Feinberg","1955-03-30","1986-01-22","Sales"
230378,"Brigham","Babu","1952-10-06","1985-11-15","Sales"
230453,"Limsoon","Macedo","1955-07-23","1985-02-02","Sales"
230472,"Val","Kropf","1954-10-31","1988-08-26","Sales"
231096,"Debaprosad","Tyugu","1954-08-23","1988-03-10","Sales"
231178,"Gennady","Highland","1952-03-04","1985-09-27","Sales"
231430,"Quingbo","Kusakabe","1954-03-02","1986-02-04","Sales"
231887,"Yongmin","Petereit","1953-10-06","1986-01-18","Sales"
232338,"Genta","Mahnke","1953-11-10","1985-11-19","Sales"
232951,"Jianhua","Weedon","1954-03-31","1985-02-18","Sales"
232995,"Jixiang","Billawala","1955-06-06","1986-04-30","Sales"
233520,"Magdalena","Ghazalie","1954-05-19","1988-07-11","Sales"
233610,"Mabo","Litzler","1952-05-23","1987-08-08","Sales"
233652,"Hatim","Auria","1955-06-01","1985-02-07","Sales"
234046,"Guadalupe","Valtorta","1955-06-02","1987-05-24","Sales"
234098,"Saddek","Ulupinar","1954-01-28","1985-11-16","Sales"
235024,"Sariel","VanScheik","1954-10-31","1985-07-15","Sales"
235524,"Jolita","Itzigehl","1955-07-11","1985-08-20","Sales"
236119,"Emran","Schwartzburd","1954-01-22","1986-08-27","Sales"
236795,"Arno","Trystram","1954-02-20","1988-03-01","Sales"
237128,"Nalini","Zschoche","1955-08-27","1987-12-22","Sales"
237175,"Adil","Reutenauer","1954-03-13","1987-12-14","Sales"
237218,"Kirk","Cullers","1954-10-20","1987-05-11","Sales"
237291,"Jackson","Gecsei","1953-08-27","1986-10-01","Sales"
237476,"Khalil","Vilarrasa","1954-11-03","1985-03-30","Sales"
237542,"Weicheng","Hatcliff","1954-10-05","1985-04-12","Sales"
237794,"Fei","Morrin","1952-10-02","1986-09-02","Sales"
238225,"Udaiprakash","Senzako","1954-10-02","1987-07-28","Sales"
238406,"Conor","Wegerle","1953-03-24","1985-07-16","Sales"
238508,"Sahrah","Schach","1952-09-14","1988-09-02","Sales"
238565,"Bangqing","Marchegay","1952-12-02","1985-11-12","Sales"
238743,"Paraskevi","Rabehasaina","1952-08-09","1987-06-15","Sales"
239173,"Mitchel","Vandervoorde","1952-07-15","1986-10-18","Sales"
239179,"Kaijung","Panangaden","1954-05-17","1986-08-30","Sales"
239689,"Susanta","Cooman","1953-05-27","1986-12-24","Sales"
239718,"Shaunak","Docker","1953-07-07","1985-10-02","Sales"
239896,"Shuzo","Hasenauer","1953-07-02","1985-03-03","Sales"
239944,"Mariangiola","Fritzsche","1954-08-26","1986-02-03","Sales"
240814,"Filipp","Vieri","1953-11-16","1987-11-28","Sales"
241853,"Ulf","Wolniewicz","1953-06-20","1986-06-17","Sales"
242736,"Chikara","Masada","1954-10-24","1985-04-22","Sales"
243068,"Babette","Champarnaud","1954-02-14","1985-11-20","Sales"
243089,"Jixiang","Peak","1955-01-10","1988-05-27","Sales"
243311,"Mikhail","Dengi","1954-11-19","1986-12-28","Sales"
243435,"Moriyoshi","Akiyama","1954-03-24","1987-05-17","Sales"
243678,"Dzung","Papadias","1953-08-28","1988-12-25","Sales"
243793,"Willard","Felder","1952-02-20","1985-02-23","Sales"
243881,"Collette","Giveon","1953-06-10","1985-12-26","Sales"
243931,"Sanjit","Miara","1952-09-16","1986-11-05","Sales"
244283,"Inderjeet","Manderick","1953-04-10","1987-04-14","Sales"
244903,"Shaz","Matzov","1954-11-30","1985-11-22","Sales"
245065,"Ioana","Rosar","1955-01-28","1988-04-14","Sales"
245186,"Marlo","Trelles","1954-05-13","1985-03-07","Sales"
245425,"Licheng","Schieder","1953-12-01","1985-09-13","Sales"
245444,"Moie","Mattern","1954-11-19","1985-08-28","Sales"
245742,"Ohad","Lampe","1953-07-18","1985-06-05","Sales"
245756,"Munenori","Nitto","1954-03-01","1988-12-29","Sales"
245783,"Hidefumi","Swan","1954-11-20","1988-07-08","Sales"
245790,"Yongmao","Alblas","1955-09-19","1985-12-26","Sales"
246140,"Duangkaew","Zschoche","1954-06-18","1987-02-18","Sales"
246155,"Phillip","Peak","1955-03-12","1986-10-03","Sales"
246264,"Stamatina","Fargier","1955-12-25","1988-07-11","Sales"
246667,"Toshimo","Gils","1954-12-14","1987-12-19","Sales"
247322,"Samphel","Biran","1952-10-26","1987-08-12","Sales"
247402,"Mart","Ermel","1953-07-15","1988-10-16","Sales"
247502,"Yinlin","Iivonen","1953-05-14","1985-08-10","Sales"
247878,"Doohun","Peha","1955-11-22","1987-09-09","Sales"
247887,"Ashish","Preusig","1952-05-04","1987-04-07","Sales"
249265,"Hitomi","Asmuth","1955-10-05","1987-11-03","Sales"
249525,"Mokhtar","Straney","1952-04-06","1985-03-18","Sales"
249667,"Shawna","Walston","1953-07-04","1988-03-23","Sales"
249711,"Georg","Zambonelli","1955-01-08","1988-11-23","Sales"
249822,"Sergi","Cairo","1952-02-11","1988-03-06","Sales"
250015,"DAIDA","Coombs","1954-03-24","1985-12-03","Sales"
250532,"Masako","Zongker","1953-10-26","1988-05-31","Sales"
251268,"Gor","Morrey","1955-10-08","1987-02-12","Sales"
251404,"Ipke","Schapire","1955-07-01","1987-11-04","Sales"
251464,"Junichi","Talmon","1955-10-23","1986-06-29","Sales"
251812,"Doohun","Suomi","1955-03-21","1988-01-13","Sales"
251883,"Trygve","Barreiro","1955-02-28","1988-04-18","Sales"
252189,"Margo","Gomatam","1952-08-23","1985-11-27","Sales"
252477,"Khedija","Jahnichen","1953-06-15","1986-08-18","Sales"
252927,"Vitaly","Veeraraghavan","1955-03-04","1986-11-16","Sales"
253191,"Ottavia","Jahnichen","1952-10-15","1988-06-13","Sales"
253265,"Jayesh","Vakili","1952-05-27","1987-03-20","Sales"
253625,"Leif","Pavlopoulou","1954-01-31","1987-01-16","Sales"
253648,"Tesuya","Millington","1955-12-09","1986-12-22","Sales"
253683,"Shaunak","Egerstedt","1955-09-27","1986-05-02","Sales"
253785,"Eckart","Smailagic","1955-03-05","1987-02-16","Sales"
253851,"Piyush","Smailagic","1954-11-26","1986-01-13","Sales"
254064,"Yishai","Baik","1953-07-11","1985-07-26","Sales"
254206,"Tamiya","Asmuth","1953-09-12","1986-01-07","Sales"
254223,"Geraldo","Vieth","1952-04-11","1987-02-06","Sales"
255021,"Ashish","Crouzet","1955-10-27","1985-03-10","Sales"
255044,"Kwee","Conry","1952-02-16","1988-10-21","Sales"
255247,"Taisook","Seghrouchni","1955-03-30","1988-09-28","Sales"
255308,"Francesca","Gronowski","1953-10-12","1988-09-17","Sales"
255318,"Uma","Thimonier","1952-03-08","1985-06-29","Sales"
255844,"Vishv","Bamford","1954-06-17","1986-11-13","Sales"
255971,"Xianlong","Beilner","1953-12-28","1988-08-12","Sales"
256277,"Khaled","Genther","1955-10-05","1986-03-25","Sales"
256596,"Aiman","Zeilberger","1954-03-19","1987-10-09","Sales"
256664,"Alejandra","Poupard","1955-01-06","1986-12-01","Sales"
256772,"Hiroyasu","Malinowski","1955-01-27","1986-07-05","Sales"
256852,"Shir","Tanemo","1953-05-03","1988-09-15","Sales"
257302,"Breannda","Steinauer","1955-02-26","1988-01-10","Sales"
258214,"Sandeepan","Picaronny","1954-02-18","1986-04-24","Sales"
258240,"Sushant","Clouatre","1955-03-29","1986-07-11","Sales"
258810,"Ziva","Sabnani","1952-06-22","1986-09-12","Sales"
258968,"Gil","Pokrovskii","1954-10-29","1986-07-02","Sales"
259085,"Douadi","Puppe","1954-02-01","1986-08-25","Sales"
259116,"Eckart","Lunt","1953-05-06","1986-11-23","Sales"
259140,"Anyuan","Samarati","1953-01-05","1985-12-09","Sales"
259150,"Kiyomitsu","Majewski","1953-06-23","1985-09-08","Sales"
259313,"Masadi","Aingworth","1953-12-07","1985-10-09","Sales"
259414,"Lena","Daescu","1954-07-14","1986-09-16","Sales"
259609,"Kristian","Prochazka","1954-09-20","1985-03-30","Sales"
259660,"Kristinn","Melter","1952-08-09","1986-07-17","Sales"
259900,"Taiji","Sanella","1954-10-14","1985-06-17","Sales"
260066,"Xinan","Guenter","1954-11-20","1985-07-19","Sales"
260502,"Danco","Jeong","1955-02-16","1985-05-20","Sales"
261030,"Thodoros","Smeets","1952-03-02","1985-04-12","Sales"
261102,"Chaoyi","Speckmann","1954-05-29","1985-12-05","Sales"
261279,"Ghassan","Sgarro","1954-05-29","1986-07-12","Sales"
261365,"Feiyu","Asmuth","1954-03-24","1986-08-06","Sales"
261488,"Vasiliy","Engelmann","1952-09-02","1988-07-05","Sales"
262591,"Vivian","Ramalingam","1952-03-22","1988-04-23","Sales"
262766,"Hauke","Meszaros","1954-01-31","1985-06-29","Sales"
263000,"Mayuko","Bale","1953-01-13","1988-12-01","Sales"
263142,"Masaki","Linares","1952-11-12","1985-02-24","Sales"
263517,"Remko","Strandh","1954-02-14","1987-08-17","Sales"
263551,"KayLiang","Uhrik","1952-10-17","1985-08-29","Sales"
263735,"Magdalena","Siksek","1953-07-29","1988-09-07","Sales"
265523,"Koldo","Daescu","1953-10-12","1988-01-07","Sales"
265676,"Owen","Monarch","1953-07-11","1988-07-30","Sales"
265733,"Adly","Pelc","1955-11-22","1986-01-11","Sales"
266238,"Sachar","Weedon","1953-11-19","1988-04-17","Sales"
266261,"Guenter","Luon","1953-08-30","1988-04-18","Sales"
266542,"Shim","Bail","1953-07-15","1985-05-29","Sales"
266615,"Monique","Menhardt","1955-08-02","1987-09-01","Sales"
267138,"Alair","Auyong","1953-02-23","1986-11-14","Sales"
267274,"Munehiko","Kornyak","1952-06-06","1986-10-02","Sales"
267854,"Remko","Meszaros","1953-10-13","1987-11-24","Sales"
267946,"Candida","Nyanchama","1953-01-02","1987-03-10","Sales"
268480,"Apostol","Kropf","1953-12-08","1986-02-16","Sales"
268656,"Gaetan","Copas","1953-09-16","1987-01-17","Sales"
268885,"Gila","Portugali","1955-12-10","1985-11-04","Sales"
269237,"Maik","Naudin","1954-05-28","1987-10-31","Sales"
269269,"Leucio","Buchter","1954-11-22","1987-03-13","Sales"
269286,"Sorina","Lamba","1954-12-01","1987-10-17","Sales"
269570,"Eben","Kermarrec","1953-01-18","1988-04-18","Sales"
269697,"Candido","Weisert","1954-03-22","1988-07-23","Sales"
269893,"Tayeb","McAlpine","1952-03-18","1987-07-11","Sales"
269924,"Francoise","Berstel","1952-11-12","1988-03-16","Sales"
270189,"Kitty","Cronau","1954-05-24","1987-09-08","Sales"
270838,"Yurij","Jiang","1953-12-25","1987-06-19","Sales"
270856,"Claudi","Anido","1955-11-25","1987-06-27","Sales"
271676,"Ottavia","Herath","1952-10-20","1988-11-20","Sales"
271847,"Valdiodio","Takanami","1955-04-29","1986-10-30","Sales"
272544,"Yefim","Malinowski","1954-03-15","1985-07-13","Sales"
272816,"Gita","Litvinov","1953-09-04","1986-01-17","Sales"
272930,"Sasan","Hoogerwoord","1953-01-15","1986-05-08","Sales"
273138,"Mizuhito","Rebaine","1953-12-09","1986-01-19","Sales"
273532,"Sivanarayana","Bonifati","1953-01-23","1985-12-11","Sales"
273740,"Youpyo","Cannata","1954-06-08","1986-03-26","Sales"
274197,"Geoffrey","Randi","1952-02-04","1988-06-26","Sales"
274380,"Christoper","Motley","1953-08-05","1985-04-16","Sales"
274468,"Gaurav","Gurbaxani","1955-01-31","1985-12-02","Sales"
274706,"Xiaoqiu","Thimonier","1954-06-11","1986-12-14","Sales"
274735,"Noritoshi","Haldar","1953-07-08","1985-03-02","Sales"
274980,"Sahrah","Slobodova","1953-12-20","1986-05-04","Sales"
275319,"Mani","Vadhan","1952-03-05","1986-03-26","Sales"
275692,"Arfst","Soloway","1954-11-05","1987-12-12","Sales"
275988,"Teiji","Kamber","1953-01-25","1987-03-02","Sales"
276072,"Youjian","Bael","1955-07-06","1986-06-30","Sales"
276648,"Mokhtar","Tetzlaff","1954-07-17","1988-02-15","Sales"
276850,"Malu","Belinskaya","1954-05-26","1988-03-01","Sales"
277503,"Eberhardt","Gomatam","1954-03-22","1986-11-01","Sales"
277633,"Rimli","Solares","1955-11-03","1987-08-18","Sales"
278024,"Guangming","Sridhar","1952-10-14","1985-05-01","Sales"
278736,"Shahar","Glinert","1953-10-16","1985-09-23","Sales"
279134,"Manu","Lorch","1952-05-25","1988-05-17","Sales"
279386,"Parto","Verspoor","1955-02-23","1987-05-18","Sales"
279553,"Elzbieta","Brlek","1955-01-19","1988-05-04","Sales"
279594,"Alexius","Ponthieu","1953-11-13","1986-07-26","Sales"
279997,"Heeju","Burnard","1954-09-28","1988-02-15","Sales"
280010,"Arnould","Awdeh","1952-05-07","1986-12-04","Sales"
280236,"Sadegh","Vingron","1954-11-05","1985-03-21","Sales"
280271,"Yucel","Papastamatiou","1952-07-13","1988-01-02","Sales"
280277,"Magdalena","Perry","1954-03-02","1988-08-20","Sales"
280574,"Shih","Orlowska","1952-11-15","1988-11-07","Sales"
280643,"Dmitry","Peroz","1952-02-02","1987-01-12","Sales"
281462,"Katsuo","Shiratori","1955-08-24","1985-08-10","Sales"
281547,"Vidar","Baez","1953-10-22","1988-12-12","Sales"
281971,"Horward","Desikan","1953-10-15","1985-09-27","Sales"
282044,"Shai","Kilgore","1952-08-05","1987-04-23","Sales"
282711,"Shahab","Ponthieu","1952-09-12","1988-01-31","Sales"
284081,"Deniz","Kampfer","1955-10-07","1986-12-09","Sales"
284228,"Fuqing","Pelc","1952-05-28","1988-03-17","Sales"
285514,"Bikash","Azevdeo","1953-04-17","1986-08-02","Sales"
285934,"Zhilian","Antonakopoulos","1955-07-14","1987-11-16","Sales"
286000,"Tonny","Eugenio","1955-02-21","1986-04-25","Sales"
286212,"Khoa","Krychniak","1952-08-30","1985-10-17","Sales"
286841,"Hidekazu","Zobel","1955-10-29","1988-08-26","Sales"
287123,"Marko","Benaini","1954-02-16","1987-10-11","Sales"
287364,"Qingxiang","Conta","1955-12-13","1987-12-05","Sales"
287518,"Chinhyun","McConalogue","1954-10-17","1985-05-11","Sales"
287664,"Guther","Clemencon","1952-11-23","1988-11-24","Sales"
287761,"Patricia","Pargaonkar","1952-03-08","1985-07-15","Sales"
287947,"Wanqing","Anily","1954-07-10","1985-09-30","Sales"
288138,"Iara","Tetzlaff","1954-05-23","1988-01-01","Sales"
288209,"Elvia","Baez","1953-06-09","1987-03-03","Sales"
288319,"Srinidhi","Kaminger","1952-10-29","1986-01-11","Sales"
288461,"Nathan","Madeira","1952-09-03","1986-11-09","Sales"
288482,"Khoa","Gurbaxani","1955-06-30","1986-09-25","Sales"
288684,"Gou","Papastamatiou","1954-04-15","1986-05-22","Sales"
289686,"Ortrun","Rajala","1955-03-07","1986-03-02","Sales"
290089,"Alain","Highland","1955-11-11","1988-08-29","Sales"
290329,"Branimir","Luks","1952-05-02","1988-03-04","Sales"
290428,"Supot","Flowers","1955-05-15","1985-12-28","Sales"
290835,"Susuma","Angot","1952-08-30","1988-02-06","Sales"
290890,"Margareta","Vitiello","1955-12-05","1986-01-17","Sales"
291124,"Yucai","Anandan","1952-06-21","1987-08-11","Sales"
291734,"Serge","Heinisuo","1954-01-07","1987-06-08","Sales"
292517,"Xumin","Fadgyas","1953-07-05","1986-04-08","Sales"
293965,"Jamaludin","Majewski","1953-12-23","1986-11-16","Sales"
294283,"Gita","Yurov","1952-05-10","1988-11-20","Sales"
294326,"Dmitri","Kermarrec","1953-11-18","1987-10-16","Sales"
295464,"Marc","Falck","1953-08-01","1987-01-03","Sales"
295506,"Aloys","Blokdijk","1954-03-31","1986-07-08","Sales"
295795,"Tomofumi","Budinsky","1954-10-27","1985-12-18","Sales"
297219,"Rajmohan","Itzfeldt","1952-10-26","1988-07-10","Sales"
297309,"Sudharsan","Miculan","1955-12-01","1987-04-17","Sales"
297882,"Candida","Straney","1955-07-29","1985-02-08","Sales"
298975,"Saddek","Covnot","1953-03-08","1985-08-11","Sales"
299217,"Zhonghui","Sinicrope","1952-06-29","1988-07-09","Sales"
299313,"Shuzo","Sadowski","1955-02-15","1988-04-10","Sales"
400881,"Suebskul","Baby","1953-01-16","1987-03-04","Sales"
401010,"Richara","Terkki","1953-07-15","1988-09-25","Sales"
401086,"Lorien","Linares","1954-01-31","1986-10-19","Sales"
401273,"Udi","Petersohn","1955-12-11","1987-01-10","Sales"
401326,"Zorica","Cullers","1955-09-19","1987-01-04","Sales"
401608,"Fumiyo","Benveniste","1953-07-02","1985-03-11","Sales"
401900,"Moon","Waymire","1953-07-15","1988-12-28","Sales"
402201,"Youssef","Grabner","1955-08-25","1988-07-21","Sales"
402780,"Isamu","Perko","1953-04-15","1987-12-18","Sales"
402942,"Adamantios","Ligten","1954-10-10","1988-06-17","Sales"
403424,"Genta","Demeyer","1954-09-10","1985-09-23","Sales"
403477,"Herbert","Rajaraman","1953-01-30","1988-01-25","Sales"
403552,"Gaetan","Selvestrel","1952-09-03","1987-05-13","Sales"
404767,"Laurentiu","Lieblein","1955-04-17","1988-08-18","Sales"
405288,"Atreyi","Eldridge","1954-09-02","1988-08-21","Sales"
405746,"Heon","Mondadori","1955-08-03","1986-01-28","Sales"
406304,"Kauko","Francisci","1954-01-27","1986-08-15","Sales"
406752,"Masaru","Antonakopoulos","1954-04-06","1986-09-24","Sales"
407382,"Moon","Sadowsky","1953-09-11","1986-10-26","Sales"
407565,"Shuky","Backhouse","1952-12-24","1985-11-21","Sales"
407649,"Uriel","Waeselynck","1955-04-08","1988-03-29","Sales"
407653,"Hitomi","Baezner","1952-06-25","1988-11-28","Sales"
407886,"Shmuel","Riexinger","1954-08-07","1988-05-03","Sales"
407951,"Youngkon","Olano","1953-09-15","1988-06-30","Sales"
408197,"Dietrich","Zultner","1952-03-16","1987-01-31","Sales"
408363,"Tsutomu","Gente","1955-05-09","1986-11-05","Sales"
408474,"Rosli","Krohn","1952-03-12","1987-07-04","Sales"
408551,"Abdulah","Schiper","1953-01-10","1986-12-26","Sales"
408956,"Claudi","Zlotek","1953-12-10","1986-09-22","Sales"
409385,"Jolita","Speel","1955-12-01","1987-03-15","Sales"
409841,"Dharmaraja","Brodal","1955-12-28","1987-09-14","Sales"
410857,"Anestis","Lamba","1952-11-17","1988-08-16","Sales"
410938,"Kensyu","Borstler","1952-09-06","1988-06-29","Sales"
411544,"Byong","Legleitner","1955-08-17","1987-04-30","Sales"
411644,"Yonghoan","Collette","1952-10-04","1985-03-24","Sales"
411858,"Weiye","Baaz","1954-01-08","1986-09-21","Sales"
412105,"Teiji","Siksek","1952-06-16","1985-02-14","Sales"
412141,"Arun","Bernick","1952-03-13","1986-07-06","Sales"
412289,"Golgen","Lorcy","1955-10-15","1986-04-25","Sales"
412520,"Moon","Thiran","1955-07-12","1985-11-02","Sales"
413333,"Martijn","Spell","1954-08-29","1985-05-13","Sales"
413549,"Jouko","Henseler","1955-11-03","1987-04-26","Sales"
413629,"Kasturi","Aingworth","1954-07-08","1987-12-12","Sales"
413668,"Kwangyoen","Vuskovic","1954-03-25","1986-06-28","Sales"
413833,"Kannan","Krupka","1953-12-07","1986-08-04","Sales"
414608,"Pranjal","Undy","1954-07-14","1987-09-20","Sales"
415134,"Conal","Minakawa","1955-05-30","1987-08-23","Sales"
415773,"Martien","Hartvigsen","1954-07-27","1986-10-25","Sales"
416026,"Inderjeet","Molenaar","1953-03-10","1985-08-06","Sales"
416166,"Yuriy","Rosenbaum","1952-02-02","1986-05-11","Sales"
416312,"Baruch","Petereit","1954-08-19","1988-06-21","Sales"
416319,"Duro","Chimia","1952-05-22","1985-03-10","Sales"
416522,"Hauke","Mikschl","1952-02-10","1988-02-18","Sales"
417090,"Takahira","Schaaf","1953-09-13","1988-05-27","Sales"
417190,"Atreyi","Cooman","1953-02-02","1988-01-06","Sales"
417586,"Qiwen","Leslie","1953-07-11","1985-04-27","Sales"
417663,"Muzhong","Stassinopoulos","1953-06-09","1988-11-01","Sales"
417737,"Ortrun","Picaronny","1953-11-15","1988-07-05","Sales"
417940,"Uri","Assaf","1952-10-12","1987-04-20","Sales"
418938,"Elgin","Vrecion","1953-06-14","1986-09-10","Sales"
419065,"Arvind","Manderick","1955-08-07","1985-07-01","Sales"
419157,"Visit","Ruemmler","1954-12-21","1987-11-05","Sales"
419469,"Subhankar","Angot","1954-01-10","1987-02-03","Sales"
419781,"Jordanka","Karnin","1953-11-02","1988-12-29","Sales"
419818,"Sanjoy","Emiris","1952-05-26","1988-12-10","Sales"
419992,"Mototsugu","Kenevan","1955-12-19","1987-10-08","Sales"
420232,"Claudi","Heystek","1952-04-18","1987-06-01","Sales"
420363,"Seongbae","Garrabrants","1953-05-12","1988-06-20","Sales"
420390,"Mostafa","Pillow","1952-12-25","1985-11-15","Sales"
420499,"Alenka","Picaronny","1952-05-08","1986-11-20","Sales"
421108,"Krister","Gulla","1954-08-16","1988-04-28","Sales"
421319,"Ranga","Maccarone","1955-09-23","1985-03-05","Sales"
421654,"Claude","Ciolek","1954-01-05","1986-03-20","Sales"
421697,"Marko","Iwayama","1953-02-22","1987-06-18","Sales"
421956,"Kotesh","Hedayat","1953-11-28","1987-01-05","Sales"
421986,"Gritta","Furudate","1954-07-21","1988-02-19","Sales"
422057,"Mahmut","Shiratori","1952-08-19","1986-07-06","Sales"
422161,"Malu","Riefers","1955-01-15","1987-08-03","Sales"
422665,"Arunachalam","Edelhoff","1952-04-08","1988-10-06","Sales"
422938,"Shuho","Taneja","1955-12-13","1985-03-28","Sales"
423093,"Dannz","Kadhim","1955-09-28","1988-12-23","Sales"
423371,"Jamaludin","Qiwen","1953-05-17","1986-10-21","Sales"
423592,"Chenxi","Azuma","1952-09-15","1987-09-02","Sales"
423596,"Lokesh","Heystek","1953-04-29","1988-06-28","Sales"
423907,"Sanjit","Akaboshi","1955-05-30","1986-08-20","Sales"
424099,"Kwangyoen","Strandh","1952-05-06","1988-05-05","Sales"
424192,"Boaz","Rosenbaum","1954-08-01","1987-05-29","Sales"
424570,"Gil","Klyachko","1955-11-03","1985-05-14","Sales"
424677,"Patricia","Karcich","1952-12-21","1985-04-11","Sales"
425015,"Bikash","Cannata","1955-10-19","1985-06-16","Sales"
425359,"Jaideep","Marchegay","1954-07-08","1988-06-06","Sales"
425871,"Weiye","Gimbel","1953-12-10","1986-02-21","Sales"
425986,"Rafael","Riefers","1955-01-06","1985-11-10","Sales"
426052,"Manohar","Morrow","1953-05-24","1988-11-17","Sales"
426948,"Stella","Waymire","1954-10-22","1985-05-11","Sales"
427138,"Bernd","Vidya","1955-07-31","1986-04-26","Sales"
427698,"Siddarth","Schapire","1955-04-12","1988-07-01","Sales"
428018,"Vasilii","Rosti","1953-01-25","1987-04-05","Sales"
428478,"Gay","Auria","1955-04-01","1987-05-23","Sales"
428625,"Mohammad","Savasere","1955-01-08","1985-10-26","Sales"
428887,"Yefim","Marzano","1955-09-07","1985-11-17","Sales"
429851,"Dulce","Manders","1954-02-10","1985-07-29","Sales"
430079,"Mikhail","England","1954-05-22","1987-05-18","Sales"
430166,"Poornachandra","Ravishankar","1953-04-18","1988-08-29","Sales"
430402,"Ishfaq","Rahier","1952-05-07","1987-11-17","Sales"
431316,"Xiaoheng","Krohm","1953-05-13","1987-07-05","Sales"
431465,"Kristinn","Mahmud","1955-03-31","1986-10-24","Sales"
431634,"Parto","Solares","1952-07-27","1987-03-16","Sales"
431675,"Giao","Kroha","1952-04-04","1988-06-27","Sales"
431965,"Gianluca","Melton","1952-05-26","1988-11-04","Sales"
432233,"Goetz","Hitomi","1953-09-08","1986-08-29","Sales"
432267,"Siddarth","Rosen","1952-09-15","1985-11-28","Sales"
432566,"Dzung","Orlowski","1955-10-15","1986-01-04","Sales"
432583,"Seongbin","Mitsuhashi","1954-10-29","1987-02-21","Sales"
432611,"Shuky","Mayerwieser","1952-05-19","1986-05-16","Sales"
432795,"Toney","Schoegge","1953-03-14","1988-05-09","Sales"
432828,"Chikako","Malabarba","1955-02-22","1985-02-02","Sales"
433372,"Rasiah","Yemenis","1955-05-04","1985-05-24","Sales"
434084,"Abdelghani","Cappello","1954-10-11","1988-05-24","Sales"
434158,"Hiroyasu","Fasbender","1952-04-22","1986-07-03","Sales"
434226,"Miquel","Gulla","1955-05-27","1986-08-09","Sales"
434249,"Malu","Bonifati","1955-05-07","1986-01-18","Sales"
434456,"Maha","Picci","1953-03-10","1985-09-10","Sales"
434580,"Oscal","Saoudi","1955-07-20","1986-07-12","Sales"
435354,"Bowen","Bashian","1952-11-05","1988-06-25","Sales"
435640,"Zdislav","Kitai","1952-09-26","1988-06-24","Sales"
435799,"Gudjon","Kaiserswerth","1955-04-30","1988-01-24","Sales"
436419,"Randi","Schapiro","1952-07-20","1985-07-01","Sales"
436585,"Adib","Pargas","1955-04-12","1985-03-12","Sales"
437425,"Ennio","Bardell","1952-05-10","1986-02-17","Sales"
437806,"Valdiodio","Benveniste","1955-05-09","1985-04-07","Sales"
438610,"Soenke","Dulin","1952-06-04","1985-09-25","Sales"
439179,"Yurii","Lanteri","1954-07-08","1986-03-29","Sales"
439887,"Fuqing","Dusink","1955-09-11","1988-05-03","Sales"
439896,"Yahiko","Baaleh","1955-07-07","1988-09-20","Sales"
440763,"Siddarth","Heystek","1954-11-06","1985-09-28","Sales"
441061,"Ramalingam","Klyachko","1955-11-30","1987-12-07","Sales"
441349,"Oscar","Merlo","1953-02-24","1988-04-29","Sales"
441598,"Jingling","Siepmann","1954-11-18","1986-06-20","Sales"
441672,"Inderjeet","Rabehasaina","1955-07-28","1988-06-15","Sales"
441826,"Leandro","Einsfeld","1952-11-13","1987-03-19","Sales"
441904,"Rosalyn","Sambasivam","1954-09-19","1986-12-03","Sales"
442330,"Quingbo","Veeraraghavan","1955-08-21","1987-10-10","Sales"
442802,"Angus","Bazelow","1954-10-01","1988-04-23","Sales"
443303,"Nadjib","Fadgyas","1953-06-09","1988-12-23","Sales"
443411,"Behnaam","Bahi","1955-11-12","1986-08-15","Sales"
443450,"Shawna","Denti","1953-05-31","1985-05-10","Sales"
443733,"Volkmar","Welham","1952-05-17","1986-01-11","Sales"
443942,"Kwan","Heystek","1953-01-15","1986-12-18","Sales"
444034,"Jackson","Bernardeschi","1955-10-17","1986-05-15","Sales"
444223,"Krisda","Ramsay","1955-03-31","1988-01-15","Sales"
445242,"Goh","Conia","1954-11-13","1985-11-20","Sales"
445381,"Heekeun","Solovay","1952-08-18","1986-11-25","Sales"
445843,"True","Foong","1952-05-12","1986-07-31","Sales"
445880,"Fei","Narwekar","1954-12-08","1985-04-16","Sales"
446087,"Samphel","Farris","1954-10-23","1987-12-25","Sales"
446243,"Along","Schwartzbauer","1955-11-25","1985-02-14","Sales"
446319,"Adam","Siepmann","1955-07-10","1985-02-10","Sales"
446565,"Phule","Passafiume","1954-02-03","1987-09-12","Sales"
446758,"Chaitali","Peha","1952-10-07","1985-03-25","Sales"
447091,"Suzette","Perfilyeva","1954-05-26","1986-02-09","Sales"
448124,"Hongzhu","Roohalamini","1955-11-19","1987-03-03","Sales"
448362,"Denis","Erol","1954-03-20","1986-03-21","Sales"
449223,"Gad","Peak","1954-12-30","1986-06-28","Sales"
449489,"Naftaly","Hertweck","1954-05-15","1985-07-05","Sales"
449507,"Teruyuki","Back","1952-02-18","1985-10-16","Sales"
450550,"Shigehito","Gornas","1954-08-10","1987-06-19","Sales"
450622,"Xuejun","Undy","1953-09-12","1986-01-31","Sales"
450937,"Mahendra","Ananiadou","1953-10-19","1985-06-13","Sales"
451164,"Shahaf","Pargaonkar","1955-08-08","1987-06-14","Sales"
451173,"Aloke","Lorie","1952-02-12","1986-08-01","Sales"
451776,"Ravishankar","Coombs","1955-06-01","1987-02-06","Sales"
452119,"Dayanand","Kuhnemann","1952-04-23","1985-12-20","Sales"
452324,"Mokhtar","Wielonsky","1955-12-09","1987-04-26","Sales"
453183,"Maha","Ventosa","1955-08-20","1988-06-02","Sales"
453635,"Xiaoheng","Soloway","1953-04-10","1985-11-10","Sales"
453736,"Siamak","Schmiedel","1955-10-24","1988-09-22","Sales"
454247,"Xinan","Perfilyeva","1952-05-10","1985-06-07","Sales"
454966,"Genta","Goodrum","1952-06-21","1988-03-06","Sales"
455164,"Khosrow","Wilfing","1955-06-15","1987-06-10","Sales"
455496,"Kasidit","Schaap","1954-08-28","1987-03-19","Sales"
455727,"Kolar","Veccia","1955-02-11","1985-07-05","Sales"
455966,"Guoxiang","Rissanen","1954-01-31","1985-12-31","Sales"
456553,"Aram","Gulla","1955-08-18","1985-04-25","Sales"
456927,"Kensei","Comellas","1955-08-19","1986-09-28","Sales"
457443,"Wonhee","Sethi","1954-08-15","1986-03-08","Sales"
457550,"Mingdong","Schlegelmilch","1954-03-03","1985-06-23","Sales"
457880,"Chrisa","Segond","1952-11-30","1987-12-05","Sales"
458525,"Amstein","Angiulli","1954-06-01","1985-12-07","Sales"
458564,"Shmuel","Portugali","1954-05-04","1988-11-21","Sales"
459551,"Amalendu","Jervis","1954-02-14","1986-03-17","Sales"
460033,"Paris","Ariola","1952-06-11","1985-06-02","Sales"
460498,"Jacopo","Ponthieu","1955-06-06","1987-08-24","Sales"
460660,"Pranav","Azevdeo","1955-03-12","1986-11-04","Sales"
460723,"Christfried","Pollock","1954-07-20","1986-04-21","Sales"
461328,"Mohit","McAffer","1952-08-07","1986-12-30","Sales"
461625,"Margareta","Bael","1955-09-30","1986-04-28","Sales"
461848,"Randi","Lemarechal","1954-06-10","1987-09-20","Sales"
461861,"Aron","Marsiglia","1953-07-02","1988-03-07","Sales"
462119,"Dmitri","Masamoto","1954-10-10","1987-10-30","Sales"
462144,"Koldo","Nooteboom","1952-09-01","1987-09-28","Sales"
462659,"Boguslaw","Erni","1953-02-15","1985-10-07","Sales"
462742,"Jayson","Kruskal","1954-06-19","1987-11-03","Sales"
463185,"Yahiko","Rosay","1953-02-10","1988-03-07","Sales"
463256,"Mabhin","Demos","1953-01-21","1985-12-20","Sales"
463295,"Kersti","Caine","1955-06-24","1986-02-20","Sales"
463746,"Berhard","Reistad","1955-06-04","1987-01-18","Sales"
463785,"Marlo","Felder","1953-02-03","1985-05-11","Sales"
464544,"Duke","Koshiba","1953-05-10","1986-07-02","Sales"
464681,"Oldrich","Azulay","1953-06-12","1988-05-25","Sales"
464701,"Hongzhu","Paludetto","1955-06-14","1988-03-08","Sales"
465131,"Heather","Buescher","1953-06-11","1986-06-25","Sales"
465289,"Troy","Perez","1952-09-26","1988-08-24","Sales"
465663,"Anoosh","Llado","1954-08-08","1986-04-26","Sales"
465857,"Nahla","Peron","1953-07-09","1987-09-01","Sales"
466345,"Baoqiu","Sluis","1954-11-24","1987-05-06","Sales"
466468,"Irena","Granlund","1955-07-12","1986-03-16","Sales"
466755,"Zhongwei","Gill","1952-04-04","1988-09-24","Sales"
466914,"Mingdong","Fairtlough","1954-10-12","1987-10-11","Sales"
467130,"Cristinel","Passafiume","1955-02-22","1985-09-26","Sales"
468004,"Sanjoy","Koblick","1952-09-05","1986-04-08","Sales"
468006,"Sajjan","Gewali","1954-05-31","1986-02-02","Sales"
468122,"Sarita","Vieth","1952-08-07","1987-06-05","Sales"
468129,"Tzvetan","Hanratty","1955-04-20","1986-12-22","Sales"
468629,"Arno","Heydon","1954-05-16","1988-02-03","Sales"
469108,"Constantino","Bashian","1953-11-04","1987-06-09","Sales"
469153,"Gad","Masaki","1953-05-24","1985-06-15","Sales"
470264,"Premal","Undy","1953-05-20","1986-03-27","Sales"
470318,"Remmert","Kolinko","1954-02-03","1985-12-14","Sales"
470639,"Xiaoqiang","Thebaut","1954-02-26","1987-04-24","Sales"
471400,"Jixiang","Panangaden","1955-08-27","1987-12-28","Sales"
471715,"Pasqua","Schusler","1955-06-08","1987-10-27","Sales"
472013,"Phule","Douceur","1954-12-27","1988-04-26","Sales"
472925,"Fusako","Prampolini","1953-06-14","1988-12-12","Sales"
473113,"Toshimitsu","Angelov","1955-08-06","1985-11-01","Sales"
473116,"Sadun","Bultermann","1952-03-06","1985-05-25","Sales"
473411,"Piyush","Leaver","1953-06-07","1988-08-14","Sales"
473483,"Genta","Gulla","1953-05-07","1986-04-10","Sales"
474519,"Paloma","Kawashima","1953-08-14","1988-11-13","Sales"
474684,"Chinhyun","Klyachko","1953-04-30","1987-11-01","Sales"
474721,"Miquel","Reistad","1955-07-06","1985-05-21","Sales"
474912,"Nirmal","Lemarechal","1952-04-11","1988-09-22","Sales"
475003,"Branimir","Miara","1952-08-03","1988-08-10","Sales"
475613,"Irene","Steinauer","1955-08-11","1988-04-21","Sales"
475787,"Zhiwei","Ramsak","1955-12-22","1985-04-25","Sales"
475927,"Geoff","Stassinopoulos","1955-07-08","1987-08-29","Sales"
476509,"Mizuhito","Kornyak","1954-07-12","1985-08-22","Sales"
477140,"Christfried","Murrill","1953-06-20","1988-12-03","Sales"
477348,"Clyde","Fioravanti","1955-12-10","1987-02-16","Sales"
477389,"Abdulah","Claffy","1952-03-07","1986-06-28","Sales"
477580,"Nikolaos","Guerreiro","1954-09-23","1986-11-16","Sales"
479050,"Pintsang","Ishibashi","1955-12-25","1987-06-22","Sales"
479603,"Surveyors","Badache","1952-02-28","1985-02-03","Sales"
480114,"Shakhar","Suri","1955-03-24","1986-08-12","Sales"
480192,"Dhritiman","Onuegbe","1953-12-03","1987-09-12","Sales"
480587,"Tonia","Trystram","1954-12-27","1985-08-06","Sales"
480711,"Srinidhi","Assaf","1954-04-21","1988-02-07","Sales"
480730,"Masami","Bonifati","1955-08-28","1988-04-12","Sales"
480862,"Maris","Kropp","1955-11-24","1985-06-22","Sales"
480920,"Flemming","Plumb","1954-06-11","1987-12-20","Sales"
481296,"Dmitri","Begiun","1955-12-01","1986-10-12","Sales"
481307,"Hatsukazu","Pappas","1955-01-22","1986-08-19","Sales"
481343,"Shaunak","Seiwald","1953-06-07","1988-04-05","Sales"
482150,"Przemyslawa","Gluchowski","1952-04-11","1988-07-19","Sales"
482459,"Yoshimitsu","Herath","1952-06-29","1987-05-28","Sales"
482583,"Danil","Wielonsky","1953-04-05","1986-02-17","Sales"
482776,"Kristin","Beilner","1952-05-13","1985-11-27","Sales"
483083,"Oldrich","Gente","1954-04-04","1988-09-14","Sales"
483208,"Aran","Garnick","1954-09-28","1987-05-28","Sales"
483538,"Jackson","Merlo","1955-03-03","1985-02-10","Sales"
483604,"Subhash","Wendorf","1955-07-13","1986-02-07","Sales"
483656,"Mana","Serot","1953-01-06","1987-10-30","Sales"
483821,"Arunachalam","Fujisaki","1953-04-16","1987-12-01","Sales"
484010,"Udaiprakash","Narahara","1952-05-19","1985-09-21","Sales"
484047,"Danel","Leivant","1953-06-12","1985-08-07","Sales"
484211,"Takanari","Henseler","1955-09-01","1986-08-10","Sales"
484748,"Shridhar","Orlowska","1953-05-12","1987-10-26","Sales"
485053,"Tokuyasu","Benantar","1952-04-25","1987-11-13","Sales"
486315,"Sadok","Chorvat","1953-05-24","1988-01-07","Sales"
487263,"Zhonghua","Leaver","1955-04-19","1985-08-08","Sales"
487374,"Jayesh","Swiss","1955-09-30","1985-12-08","Sales"
487697,"Conrado","Marciano","1953-06-21","1986-01-11","Sales"
488279,"Danny","Rohrbach","1954-08-18","1985-05-05","Sales"
488456,"Eran","Vesna","1955-05-25","1986-05-28","Sales"
488525,"Leen","Zolotykh","1954-11-01","1987-04-10","Sales"
488988,"Izaskun","Puppe","1953-04-28","1985-07-14","Sales"
489128,"Nishit","Gluchowski","1952-12-20","1987-06-09","Sales"
489470,"Duro","Hambrick","1955-10-21","1987-05-04","Sales"
490003,"Owen","Escriba","1955-05-23","1986-03-30","Sales"
490204,"Abdelaziz","Waymire","1954-01-27","1985-07-24","Sales"
491415,"Sanjoy","Nations","1953-07-11","1985-03-01","Sales"
491426,"Ravishankar","Roccetti","1953-08-12","1988-03-29","Sales"
491569,"Lidong","Hemaspaandra","1953-11-26","1988-03-02","Sales"
491612,"Kien","Horswill","1953-07-16","1988-08-08","Sales"
493008,"Yagil","Lanphier","1955-04-01","1985-07-26","Sales"
493285,"Gennady","Syrzycki","1955-09-30","1988-04-11","Sales"
493297,"Roddy","Kusalik","1953-02-28","1987-02-11","Sales"
493557,"Froduald","Renear","1954-05-02","1985-07-21","Sales"
493671,"Mikhail","Chiola","1953-04-22","1986-06-23","Sales"
493949,"Zhenhua","Terlouw","1955-09-01","1986-11-04","Sales"
494273,"Shahab","Rotem","1954-02-23","1986-11-12","Sales"
495716,"Nathalie","dAstous","1955-02-24","1985-10-15","Sales"
495844,"Fumiko","Impagliazzo","1953-06-03","1985-03-02","Sales"
496870,"Shuho","Kakkar","1954-12-17","1987-11-14","Sales"
497160,"Heon","Thiran","1953-09-24","1987-03-06","Sales"
498454,"Sushant","Kawashima","1954-03-31","1986-05-02","Sales"
498607,"Zhiguo","Zuberek","1952-07-01","1985-10-31","Sales"
498670,"Aram","Menyhert","1952-02-04","1988-09-03","Sales"
499641,"Mart","Nannarelli","1954-01-11","1987-02-27","Sales"
499660,"Valery","Schade","1955-02-10","1986-09-19","Sales"
499681,"Kazuhito","Heemskerk","1952-07-15","1986-06-06","Sales"
499817,"Lihong","Pusterhofer","1953-08-03","1986-11-27","Sales"
11537,"DAIDA","Pehl","1955-06-29","1986-07-06","Sales"
11567,"Teiji","Mitzlaff","1954-07-06","1988-02-03","Sales"
11615,"Shem","Isaak","1955-03-05","1988-09-13","Sales"
11747,"Aksel","Kossowski","1953-11-27","1986-02-20","Sales"
11817,"Niranjan","Markovitch","1955-05-25","1986-04-12","Sales"
11857,"Divier","Farrag","1955-12-03","1986-08-27","Sales"
12128,"Yannik","Barreiro","1953-09-13","1986-01-29","Sales"
13524,"Chaoyi","Porotnikoff","1955-11-06","1985-07-27","Sales"
14310,"Marlo","Leuchs","1953-06-07","1987-02-23","Sales"
14871,"Arnd","Kaiserswerth","1954-07-08","1987-08-06","Sales"
15030,"Rasikan","Nourani","1954-02-21","1987-11-09","Sales"
15151,"Urs","Pouyioutas","1953-11-13","1987-07-24","Sales"
15176,"Charlene","Sankaranarayanan","1953-10-11","1987-11-17","Sales"
15511,"George","Kowalchuk","1955-12-29","1985-05-11","Sales"
16066,"Marsha","Penn","1952-12-05","1985-09-16","Sales"
16233,"Sushant","Baba","1955-11-17","1987-03-24","Sales"
16373,"Narain","Aseltine","1954-05-09","1987-07-10","Sales"
16487,"Arunas","Yemenis","1955-01-09","1985-10-24","Sales"
16885,"Ronghao","Stentiford","1953-12-18","1986-05-26","Sales"
16993,"Hongzue","Dahlbom","1954-12-28","1986-05-29","Sales"
18454,"Eric","Anido","1955-02-28","1988-07-18","Sales"
19113,"Persi","Bahr","1952-09-11","1987-11-23","Sales"
19134,"Seongbin","Bakhtari","1952-06-03","1988-10-29","Sales"
19201,"Arto","Sommen","1954-03-31","1986-01-08","Sales"
19205,"Moto","Sinitsyn","1953-04-19","1986-10-01","Sales"
19580,"Stein","Tagansky","1953-12-24","1988-04-13","Sales"
19624,"Younwoo","Wolniewicz","1953-07-17","1985-11-11","Sales"
19874,"Xuejia","Kuzuoka","1953-01-04","1988-02-04","Sales"
20765,"Steve","Viele","1952-05-15","1988-06-17","Sales"
20974,"Hisao","Yavatkar","1955-02-28","1987-05-21","Sales"
21588,"Licheng","Masamoto","1955-12-18","1987-01-05","Sales"
21987,"Dipankar","Fontet","1954-11-27","1988-01-21","Sales"
22023,"Mart","Vidya","1953-08-03","1988-12-22","Sales"
22150,"Kristina","Zweizig","1953-09-09","1986-12-04","Sales"
24429,"Murthy","Anger","1954-03-11","1985-09-14","Sales"
24596,"Ayonca","Stranks","1952-10-31","1986-09-12","Sales"
25003,"Dietrich","Benzmuller","1953-01-06","1985-05-30","Sales"
25085,"Tran","Usery","1954-08-07","1985-05-03","Sales"
25371,"Goh","Ishibashi","1953-10-28","1988-01-06","Sales"
25643,"Adin","Peak","1952-11-12","1988-09-04","Sales"
25717,"Froduald","Speek","1954-10-17","1985-12-14","Sales"
26053,"Heekeun","Szmurlo","1954-03-11","1988-08-02","Sales"
26086,"Turgut","Beutelspacher","1953-05-22","1985-11-12","Sales"
26391,"Baoqiu","Kermarrec","1955-04-15","1985-04-25","Sales"
27223,"Noritoshi","Delgrossi","1955-05-16","1987-05-22","Sales"
27739,"Youssef","Piancastelli","1953-02-16","1988-05-16","Sales"
28322,"Premal","Millington","1955-06-30","1985-05-10","Sales"
28383,"Gladys","Chimia","1952-07-06","1988-10-09","Sales"
28703,"Tremaine","Remmele","1955-05-05","1985-05-13","Sales"
29199,"Chaoyi","Mondadori","1953-07-07","1987-06-30","Sales"
29485,"Ortrun","Shobatake","1954-03-19","1988-09-09","Sales"
29729,"Alassane","Bernatsky","1953-04-14","1988-11-05","Sales"
29822,"Prodip","Sifakis","1952-05-13","1988-02-12","Sales"
30302,"Amstein","Sankaranarayanan","1954-02-10","1985-02-07","Sales"
31224,"Uta","Apsitis","1953-06-18","1986-07-27","Sales"
31344,"Saddek","Gerteisen","1952-07-14","1986-01-24","Sales"
31363,"Hidde","Merli","1955-04-22","1986-12-27","Sales"
31595,"Stevo","Barbanera","1955-02-08","1987-04-06","Sales"
31791,"Saddek","Debuse","1955-01-01","1988-10-28","Sales"
31824,"Remko","Pezzoli","1953-06-25","1987-01-16","Sales"
32138,"Anyuan","Facello","1955-04-13","1988-10-04","Sales"
32653,"Renny","Wielonsky","1955-09-12","1988-04-02","Sales"
32696,"Luisa","Hofstetter","1954-10-31","1986-05-17","Sales"
32724,"Alselm","Janocha","1952-12-20","1986-05-24","Sales"
32735,"Ewing","Simkin","1955-05-26","1986-07-05","Sales"
32931,"Almudena","DasSarma","1953-03-09","1986-01-12","Sales"
33125,"Jaewon","Dulay","1953-11-16","1988-02-05","Sales"
33727,"Uno","Highland","1955-11-04","1986-03-11","Sales"
34049,"Tadanori","Brookner","1952-07-27","1987-07-14","Sales"
34839,"Henk","Kermarrec","1954-10-12","1987-01-28","Sales"
34961,"Uno","Dolinsky","1954-08-19","1988-02-08","Sales"
35939,"Hiroyasu","Demri","1952-04-09","1987-03-12","Sales"
35960,"Adam","Danlos","1953-03-05","1986-11-16","Sales"
36874,"Genki","Aloia","1955-03-04","1986-12-14","Sales"
36953,"Lihong","Butner","1955-12-30","1985-03-31","Sales"
37087,"Claudi","Angel","1955-01-18","1985-08-30","Sales"
37231,"Vidya","Leonhardt","1952-09-27","1987-10-24","Sales"
37236,"Ranan","Luby","1955-05-14","1988-12-11","Sales"
37348,"Zhiguo","Ratzlaff","1954-01-20","1985-09-13","Sales"
37751,"Jacopo","DuBourdieux","1954-12-18","1986-07-16","Sales"
38123,"Kien","Cummings","1953-09-03","1986-01-30","Sales"
38252,"Tadahiro","Benzaken","1954-10-03","1985-06-04","Sales"
38347,"Tzu","Woycyznski","1955-08-02","1986-12-23","Sales"
38431,"Masanao","Ferretti","1953-02-12","1987-08-28","Sales"
39684,"Kokou","Dratva","1954-02-22","1987-08-09","Sales"
40641,"Eishiro","Papadias","1955-02-21","1987-12-18","Sales"
40714,"Lijie","Covnot","1952-04-01","1986-07-05","Sales"
41201,"Kazuhito","Munch","1954-03-06","1985-08-29","Sales"
41463,"Trygve","McClurg","1952-04-13","1987-03-20","Sales"
41710,"Weiru","Haldar","1954-07-25","1987-06-26","Sales"
42208,"Gao","Guenter","1952-10-13","1985-12-16","Sales"
42642,"Bluma","Broder","1952-03-28","1987-04-18","Sales"
42817,"Mohd","Ulupinar","1952-10-29","1987-03-07","Sales"
43489,"Arve","Mullainathan","1953-12-06","1988-10-05","Sales"
43624,"Tokuyasu","Pesch","1953-11-14","1985-03-26","Sales"
43651,"Sukumar","Fontet","1952-10-17","1986-05-07","Sales"
44015,"Yuguang","Limongiello","1955-11-08","1986-04-22","Sales"
44111,"Sugwoo","Streit","1955-11-22","1985-07-23","Sales"
44326,"Dmitri","Verspoor","1953-07-31","1986-07-20","Sales"
44459,"Aluzio","Panienski","1954-05-09","1987-11-14","Sales"
44875,"Goh","Reinhart","1953-08-06","1985-04-15","Sales"
45014,"Souichi","Orsini","1955-01-23","1985-07-18","Sales"
45062,"Aemilian","Hammerschmidt","1953-09-12","1985-08-02","Sales"
45436,"Gila","Limongiello","1952-02-04","1985-08-26","Sales"
45639,"Yuichiro","Brendel","1954-01-11","1988-07-09","Sales"
45803,"Padma","Lanzelotte","1954-12-14","1985-02-09","Sales"
46124,"Shunichi","Barinka","1953-08-22","1988-05-14","Sales"
46838,"Yakichi","Marzano","1954-10-28","1986-01-29","Sales"
48577,"Peternela","Piazza","1954-02-26","1985-03-27","Sales"
48621,"Mircea","Reghbati","1954-10-20","1986-08-27","Sales"
48834,"Felicidad","Ferriere","1954-09-06","1986-03-13","Sales"
49128,"Sarita","Kuzuoka","1954-12-12","1988-07-22","Sales"
49795,"Marsha","Vitiello","1952-04-08","1988-03-06","Sales"
50274,"Horward","Boudaillier","1954-12-12","1986-02-12","Sales"
50522,"Hongzhu","Babu","1953-06-06","1985-10-23","Sales"
50677,"Fei","Perfilyeva","1953-12-09","1986-01-15","Sales"
50694,"Sadun","Middleton","1953-07-24","1988-09-10","Sales"
50758,"Mara","Isard","1952-12-21","1987-02-02","Sales"
51163,"Bilhanan","Strehl","1954-05-28","1988-01-26","Sales"
51175,"Mark","Lorho","1953-08-18","1987-04-13","Sales"
51573,"Marl","Merlo","1952-09-14","1985-05-20","Sales"
51651,"Valdiodio","Kaiserswerth","1952-08-25","1986-02-02","Sales"
51690,"Xiping","Norsworthy","1955-04-13","1985-03-26","Sales"
52342,"Niranjan","Karcich","1952-08-09","1987-12-27","Sales"
52539,"Shigeu","Huttel","1955-12-01","1986-09-18","Sales"
52611,"Supot","Gente","1952-04-24","1986-04-15","Sales"
52812,"Jaber","Fujisawa","1955-04-22","1986-10-09","Sales"
52827,"Kasidit","Deverell","1952-03-29","1988-10-19","Sales"
52830,"Kitty","Peron","1954-11-09","1986-06-05","Sales"
53092,"Tetsushi","England","1955-04-11","1986-07-05","Sales"
53797,"Hatem","Perfilyeva","1952-04-22","1988-06-16","Sales"
55375,"Houman","Caine","1955-05-13","1985-02-07","Sales"
56136,"Ramya","Buchter","1953-09-25","1985-05-12","Sales"
56406,"Sachem","Schusler","1954-01-15","1986-05-08","Sales"
56701,"KayLiang","Kobuchi","1952-10-21","1985-03-20","Sales"
56905,"Insup","Genin","1954-04-09","1988-04-04","Sales"
57850,"Ayakannu","Kawashima","1954-06-02","1985-05-29","Sales"
58437,"Maya","Rusterholz","1955-11-16","1987-07-22","Sales"
58567,"Eric","Scallan","1953-11-09","1985-03-24","Sales"
58694,"Kasidit","Kragelund","1952-07-03","1988-08-06","Sales"
59176,"Teiji","Suessmith","1952-12-15","1988-01-09","Sales"
59212,"Koldo","Jeong","1953-03-09","1986-04-21","Sales"
59295,"Subbu","Ducloy","1953-02-09","1985-08-08","Sales"
59413,"Huei","Albarhamtoshy","1953-09-22","1986-01-18","Sales"
59470,"Ziyad","Ghelli","1952-08-13","1987-02-11","Sales"
60303,"Billur","Solares","1954-01-09","1988-08-27","Sales"
60717,"Carrsten","Sadowsky","1955-03-04","1986-10-23","Sales"
60867,"Tomoyuki","Kornyak","1952-09-07","1988-04-18","Sales"
61179,"Berni","Kaltofen","1952-10-01","1988-12-27","Sales"
61261,"Ziya","Pocchiola","1955-11-09","1987-09-05","Sales"
62018,"Juyoung","Toyoshima","1954-04-01","1986-05-08","Sales"
62298,"Quingbo","Yetto","1955-11-16","1986-02-26","Sales"
62476,"Yahiko","Cooke","1952-07-30","1987-12-10","Sales"
62629,"Shigeaki","Ratnaker","1954-07-29","1988-04-20","Sales"
62774,"Jeanna","Schlenzig","1955-11-07","1986-10-09","Sales"
63456,"Youngkon","Cromarty","1954-01-18","1986-05-08","Sales"
63466,"Geraldo","Ratnaker","1953-05-20","1985-04-14","Sales"
63943,"Shai","Karcich","1953-07-12","1986-03-29","Sales"
64526,"Masoud","Uehara","1955-06-17","1985-10-13","Sales"
64707,"Brigham","Chachaty","1953-07-03","1987-06-07","Sales"
64753,"Shahid","Swan","1952-02-02","1985-06-11","Sales"
65559,"Feipei","Nishimukai","1954-04-04","1985-09-30","Sales"
65978,"Fay","Chaudhuri","1953-11-26","1987-02-24","Sales"
66062,"Zita","Ranta","1955-07-09","1985-05-25","Sales"
66945,"Perry","Kusakabe","1952-12-31","1986-06-02","Sales"
66961,"Lech","Albarhamtoshy","1954-07-12","1988-12-29","Sales"
67553,"Freyja","Hutter","1955-04-19","1987-07-02","Sales"
67705,"Genevieve","Khalil","1954-07-16","1988-06-29","Sales"
67779,"Niclas","Welham","1954-01-30","1985-10-08","Sales"
67835,"Behnaam","Luft","1953-12-25","1985-02-24","Sales"
67872,"Adel","Toyoshima","1952-11-03","1986-02-04","Sales"
68123,"Shakhar","Rissland","1953-03-02","1986-06-06","Sales"
68142,"Aran","Nishimukai","1953-11-21","1988-06-22","Sales"
68940,"Froduald","Garrabrants","1955-10-16","1988-07-20","Sales"
69445,"Gift","Puppo","1954-05-14","1985-09-08","Sales"
70257,"Kiyomitsu","Saoudi","1954-01-11","1988-05-02","Sales"
70287,"Nimmagadda","McConalogue","1955-08-25","1987-04-30","Sales"
70659,"Kauko","Domenig","1954-12-15","1986-05-08","Sales"
71037,"Mihalis","Mitina","1954-04-03","1986-09-24","Sales"
71503,"Chinhyun","Plumb","1952-07-05","1987-12-08","Sales"
71766,"Gennady","Lieblein","1954-03-02","1985-08-23","Sales"
71810,"Hideo","Ertl","1954-12-02","1988-12-30","Sales"
73314,"Oguz","Weiland","1952-08-07","1985-07-11","Sales"
73322,"Atreye","Tomescu","1952-12-11","1986-10-16","Sales"
73415,"Renny","Pillow","1954-07-25","1987-09-05","Sales"
73523,"Fei","Parascandalo","1955-05-26","1987-01-10","Sales"
73612,"Toney","Lienhardt","1954-07-29","1987-02-03","Sales"
73674,"Yifei","Jahnichen","1954-09-16","1985-10-21","Sales"
73687,"Zito","Bakhtari","1952-04-30","1987-02-12","Sales"
73823,"Shaibal","Michaels","1952-08-10","1986-03-17","Sales"
73949,"Gian","Birch","1954-09-04","1985-05-11","Sales"
74106,"Sailaja","Uchoa","1953-12-17","1986-02-14","Sales"
74259,"Ohad","Hmelo","1955-10-16","1988-10-22","Sales"
74271,"Guther","Coombs","1953-02-17","1988-04-17","Sales"
74316,"Eran","Desikan","1954-12-15","1987-01-18","Sales"
74731,"Hironobu","Kleiser","1954-08-16","1985-11-17","Sales"
75574,"Utpal","Melton","1954-09-15","1986-01-28","Sales"
75840,"Unal","Baar","1953-03-06","1988-09-15","Sales"
76195,"Theirry","Honglei","1955-11-23","1986-09-01","Sales"
76562,"Renee","Basart","1952-08-18","1986-10-30","Sales"
76566,"Tsvetan","Pettit","1953-02-21","1985-08-01","Sales"
77201,"Kiyotoshi","Butner","1952-05-12","1986-02-19","Sales"
77263,"Arto","Keustermans","1952-03-05","1985-11-28","Sales"
77297,"Wanqing","Zumaque","1955-10-17","1986-03-29","Sales"
77346,"Shir","Walston","1953-02-01","1985-11-27","Sales"
77551,"Lansing","Ossenbruggen","1955-09-07","1988-05-28","Sales"
78649,"Gino","Lorys","1955-04-26","1987-06-02","Sales"
78841,"Aloys","Flasterstein","1954-08-12","1986-02-13","Sales"
78863,"Arie","Chinen","1952-10-02","1988-01-27","Sales"
78938,"Kerhong","Krybus","1955-03-30","1987-03-10","Sales"
80332,"Behnaam","Masand","1955-03-19","1985-09-08","Sales"
80665,"Angel","Angot","1955-02-03","1986-06-06","Sales"
80727,"Margo","Remmers","1955-05-30","1988-06-17","Sales"
80801,"Bluma","Ambroszkiewicz","1954-11-26","1988-03-31","Sales"
80822,"Marsal","Byoun","1952-12-08","1986-01-24","Sales"
80862,"Serenella","Improta","1953-10-15","1988-12-23","Sales"
80864,"Radhia","Birnbaum","1952-09-30","1988-06-07","Sales"
80991,"Marco","Schreiter","1952-07-31","1986-08-29","Sales"
81007,"Mototsugu","Rande","1952-04-14","1985-03-14","Sales"
81222,"Vivian","Homond","1955-01-30","1987-07-18","Sales"
81510,"Mamdouh","Penttonen","1955-04-05","1988-04-08","Sales"
82466,"Serge","Brookner","1954-05-15","1988-08-24","Sales"
82875,"Domenick","Terekhov","1954-05-22","1987-10-21","Sales"
83057,"Niteen","Passafiume","1953-06-24","1985-12-19","Sales"
83808,"Danel","Setiz","1953-04-12","1987-01-23","Sales"
84621,"Weiye","Ducloy","1954-03-04","1987-04-06","Sales"
84747,"Yoshinari","Felcyn","1953-04-25","1988-12-06","Sales"
85215,"Along","Detkin","1952-08-22","1988-08-02","Sales"
85371,"Suebskul","Lanphier","1952-10-14","1985-07-30","Sales"
85719,"Satosi","Rosti","1954-02-04","1988-09-04","Sales"
85825,"Hongzhu","Zedlitz","1955-11-13","1988-10-12","Sales"
87274,"Hilari","Gide","1952-12-27","1985-07-27","Sales"
87534,"Golgen","Apsitis","1954-08-06","1986-06-13","Sales"
87877,"Sampalli","Undy","1955-02-24","1987-03-22","Sales"
88013,"Frederique","Vasanthakumar","1952-08-24","1988-02-27","Sales"
88544,"Yannik","Gilg","1952-04-17","1987-04-20","Sales"
89381,"Paraskevi","Anily","1952-10-25","1988-06-15","Sales"
89567,"Kankanahalli","Masand","1955-11-12","1986-12-04","Sales"
90931,"Sadun","Rousseau","1952-08-11","1985-06-08","Sales"
91032,"Karsten","Tetzlaff","1953-07-01","1988-10-23","Sales"
91093,"Josyula","Luders","1953-06-29","1988-02-01","Sales"
91225,"Pranjal","Mamelak","1952-12-10","1985-07-25","Sales"
91280,"Surveyors","Conte","1955-04-19","1987-10-05","Sales"
91420,"Jacqueline","Suppi","1955-12-24","1986-10-04","Sales"
91475,"Pranay","Raczkowsky","1953-11-07","1988-01-01","Sales"
92804,"Tonny","Roison","1953-08-22","1985-10-06","Sales"
92878,"Phule","Birjandi","1952-06-11","1986-03-23","Sales"
93254,"Shigeo","Cichocki","1953-01-20","1985-05-24","Sales"
93634,"Dietrich","Chelton","1954-06-09","1986-01-06","Sales"
93989,"Troy","Strooper","1954-09-29","1988-03-14","Sales"
94332,"Teiji","Sudbeck","1955-07-13","1988-02-15","Sales"
94658,"Basil","Kaelbling","1955-01-01","1986-01-16","Sales"
94818,"Yuuichi","Perly","1953-04-21","1987-03-11","Sales"
95808,"Zengping","Kobara","1955-01-03","1986-02-24","Sales"
96200,"Udaiprakash","Sudkamp","1952-02-11","1986-01-12","Sales"
96719,"Maren","Detkin","1953-06-16","1988-02-06","Sales"
96902,"Khalil","Ozeki","1954-08-05","1987-05-11","Sales"
97026,"Aimee","Poulakidas","1953-02-05","1987-07-11","Sales"
97468,"Ramalingam","Barvinok","1952-12-28","1986-06-24","Sales"
97695,"Sreekrishna","Fendler","1955-08-15","1986-07-12","Sales"
97770,"Horward","Keustermans","1954-03-04","1985-07-28","Sales"
97938,"Aiichiro","Plavsic","1952-07-31","1986-03-27","Sales"
99040,"Danil","Kalorkoti","1955-09-28","1985-09-08","Sales"
99272,"Yuriy","Birge","1954-11-14","1986-06-13","Sales"
99307,"Moto","Thibadeau","1955-06-29","1987-08-23","Sales"
99495,"Tayeb","Alblas","1953-02-21","1986-06-28","Sales"
99592,"Jayson","Rubsam","1955-02-10","1985-04-28","Sales"
99716,"Luerbio","Casperson","1952-08-19","1986-12-17","Sales"
99769,"Xinyu","Winter","1953-01-12","1988-12-20","Sales"
100279,"Mingdong","Gustavson","1952-02-11","1986-07-18","Sales"
100534,"Aamer","Luga","1955-04-15","1986-10-13","Sales"
100574,"Lucien","Bennet","1955-07-18","1986-12-20","Sales"
101123,"Henk","Wossner","1953-12-17","1985-05-26","Sales"
101587,"Hironobu","Puppo","1954-12-14","1985-03-14","Sales"
101656,"Yaghout","Kornyak","1954-08-18","1987-02-22","Sales"
101690,"Dante","Lally","1952-04-25","1988-03-25","Sales"
101709,"Zine","Leslie","1953-03-22","1988-03-01","Sales"
102037,"Yongqiao","Borovoy","1955-08-11","1985-03-31","Sales"
102479,"Serap","Facello","1952-07-07","1986-06-29","Sales"
102692,"Saniya","Lindenbaum","1953-06-26","1988-09-17","Sales"
104363,"Mansur","Xiaoshan","1955-12-25","1988-11-22","Sales"
105002,"Jingling","Millington","1952-09-11","1986-10-15","Sales"
105396,"Sajjan","Strehl","1952-10-23","1988-10-09","Sales"
105489,"Jasminko","Sadowski","1953-01-16","1986-10-28","Sales"
105521,"Toshiko","Hofman","1953-09-12","1987-11-02","Sales"
105789,"Qingxiang","Fordan","1955-03-24","1985-03-12","Sales"
105852,"Filipe","Beetstra","1952-07-30","1985-04-25","Sales"
106435,"Collette","Christ","1952-12-17","1986-05-17","Sales"
106678,"Vishwani","Oppitz","1953-04-01","1985-10-25","Sales"
106946,"Oksana","Luiz","1955-10-03","1985-12-07","Sales"
107325,"Demin","Sherertz","1955-01-30","1988-11-08","Sales"
107383,"Heon","Pargas","1954-08-26","1986-01-25","Sales"
107406,"Chanjung","Bernick","1953-12-18","1985-06-17","Sales"
107540,"Jaques","Soloway","1952-07-28","1985-03-14","Sales"
107684,"Uma","Chandrasekhar","1955-06-02","1988-08-18","Sales"
108390,"Udi","Delaune","1953-05-16","1986-11-05","Sales"
109996,"Dines","Gelosh","1952-09-24","1987-06-15","Sales"
111133,"Hauke","Zhang","1955-03-16","1986-12-30","Sales"
200433,"Gilbert","Bolotov","1955-09-03","1988-09-26","Sales"
200880,"Francesca","Matheson","1955-11-16","1985-11-26","Sales"
200958,"Khatoun","Rabehasaina","1954-04-23","1988-03-31","Sales"
201109,"Gita","Hertweck","1952-04-01","1988-05-10","Sales"
201533,"Saeko","Kuzuoka","1954-11-07","1987-08-26","Sales"
202271,"Josyula","Benner","1953-08-22","1985-09-22","Sales"
202315,"Kirk","Mersereau","1952-04-23","1988-08-14","Sales"
202339,"Zine","Schaaf","1955-12-29","1986-10-07","Sales"
202418,"Xumin","Vuskovic","1955-06-26","1988-02-01","Sales"
202553,"Limsoon","Krichel","1955-07-15","1986-02-08","Sales"
202937,"Heejo","Schlegelmilch","1953-01-21","1985-06-25","Sales"
202996,"Tze","Hutter","1955-10-24","1985-05-18","Sales"
203342,"Uta","Wissmann","1954-01-12","1987-04-21","Sales"
203405,"Alper","Giaccio","1953-08-18","1985-12-13","Sales"
203577,"Niteen","Glowinski","1953-05-06","1987-08-03","Sales"
204142,"Xiping","Valette","1952-06-09","1988-03-13","Sales"
204219,"Sakthirel","Halloran","1953-06-30","1987-02-02","Sales"
204220,"Xiaoshan","Bain","1954-11-13","1985-04-17","Sales"
204469,"Ramya","Cmelik","1955-09-02","1988-05-06","Sales"
205013,"Sasan","Wilfing","1952-04-05","1985-10-09","Sales"
205494,"Gaurav","Dolinsky","1953-02-25","1987-12-28","Sales"
206193,"Kerryn","Senzako","1955-02-28","1985-05-02","Sales"
206576,"Chenxi","Chepyzhov","1952-06-15","1987-09-30","Sales"
206718,"Koldo","Ramaiah","1954-07-16","1986-06-17","Sales"
207154,"Almudena","Wendorf","1953-02-14","1987-12-29","Sales"
207167,"Mohd","Genin","1953-06-27","1986-11-29","Sales"
207512,"Valeska","Basagni","1954-05-08","1985-09-04","Sales"
207599,"Arnd","Sundgren","1952-11-17","1985-06-19","Sales"
208413,"Takahira","Pena","1953-10-12","1987-03-19","Sales"
208483,"Pradeep","Simkin","1952-04-15","1986-04-17","Sales"
208528,"Sukumar","Polupanov","1955-07-08","1988-04-10","Sales"
209829,"Froduald","Rosca","1955-02-12","1987-08-20","Sales"
209908,"Yoshimitsu","Porenta","1955-03-12","1988-02-17","Sales"
210711,"King","Orlowski","1952-02-27","1988-03-22","Sales"
210764,"Eberhardt","Fujisaki","1954-09-16","1986-04-15","Sales"
210781,"Yongdong","Shigei","1955-12-18","1987-11-14","Sales"
211008,"Ziva","Vecchi","1954-10-01","1987-09-14","Sales"
211304,"Bowen","Hainaut","1952-07-05","1988-09-01","Sales"
211950,"Suzette","Conde","1954-08-03","1986-04-18","Sales"
212178,"Alagu","Lodder","1955-01-22","1988-03-04","Sales"
213096,"Mandell","Takanami","1954-12-20","1986-04-29","Sales"
213271,"Djenana","Acton","1953-07-20","1985-04-26","Sales"
213834,"Shuji","Impagliazzo","1955-01-21","1988-08-27","Sales"
213962,"Pranjal","Rahier","1954-02-05","1987-02-13","Sales"
214706,"Marlo","Kitai","1955-10-09","1987-03-08","Sales"
214984,"Tomofumi","Yurov","1955-03-01","1986-11-14","Sales"
215123,"Sangeeta","Angelopoulos","1954-10-02","1987-11-01","Sales"
215168,"Houman","Hellwagner","1953-02-20","1985-06-22","Sales"
215576,"Takushi","Anger","1953-05-11","1987-02-01","Sales"
215696,"Nigel","Iisaka","1954-12-15","1987-12-29","Sales"
216223,"Zhilian","Koshino","1952-05-02","1988-09-14","Sales"
216642,"Kazuhiko","Mondadori","1952-10-17","1985-08-17","Sales"
217188,"Leszek","Bach","1955-06-22","1986-07-28","Sales"
217199,"Miomir","Saoudi","1955-02-25","1988-06-29","Sales"
217201,"Serif","Papadias","1952-03-26","1986-01-27","Sales"
217643,"Guangming","Oxman","1954-10-14","1987-02-06","Sales"
217945,"Shmuel","Georg","1953-03-19","1986-11-30","Sales"
217967,"Candido","Merli","1952-11-22","1987-09-28","Sales"
218560,"Charmane","Ramamoorthy","1953-12-12","1987-07-07","Sales"
218725,"Genevieve","Hatcliff","1952-08-24","1985-07-08","Sales"
218883,"Yongqiao","Erie","1955-10-13","1988-01-27","Sales"
219026,"Nathalie","Quittner","1953-04-24","1985-07-13","Sales"
219102,"Xiaoheng","Arlazarov","1952-10-21","1988-12-03","Sales"
219529,"Takahira","Brender","1955-02-11","1986-03-31","Sales"
220019,"Rafael","Lamba","1954-09-15","1985-12-05","Sales"
220119,"Kauko","Basagni","1952-08-13","1986-10-12","Sales"
220123,"Maia","Lueh","1955-04-07","1985-12-23","Sales"
220459,"Ekawit","Bahk","1953-08-03","1986-05-09","Sales"
220992,"Arie","Francisci","1954-09-04","1987-07-12","Sales"
221863,"Radhia","Schlegelmilch","1953-08-31","1987-04-07","Sales"
222598,"Lokesh","Bade","1954-08-06","1985-03-15","Sales"
222925,"Shrikanth","Karunanithi","1955-05-21","1987-02-01","Sales"
223486,"Mang","England","1954-10-18","1987-10-04","Sales"
223550,"Seongbae","McFarlan","1952-04-18","1985-07-26","Sales"
223703,"Kokou","Bottner","1954-10-09","1985-03-04","Sales"
224070,"Chrisa","Krzyzanowski","1952-05-11","1987-04-05","Sales"
224206,"Bilhanan","Ciolek","1953-05-05","1986-07-11","Sales"
224394,"Isaac","Sanella","1952-09-13","1988-09-09","Sales"
224679,"Mats","Simmel","1954-10-07","1987-04-07","Sales"
224795,"Chaitali","Shokrollahi","1954-04-28","1988-09-05","Sales"
225280,"Perry","Miara","1953-11-29","1986-02-27","Sales"
226191,"Toong","Jakobus","1953-04-08","1987-07-02","Sales"
226629,"Nakhoon","Itzfeldt","1955-06-07","1985-04-24","Sales"
227459,"Younwoo","Schmiedel","1953-01-09","1987-11-03","Sales"
228290,"Rasikan","Rousseau","1955-08-03","1988-09-26","Sales"
228449,"Pascal","Kushnir","1954-12-29","1988-11-04","Sales"
228685,"Peer","Zolotykh","1952-09-30","1986-08-17","Sales"
230156,"Bernt","Beeson","1955-10-14","1985-07-03","Sales"
230868,"Zengping","Poulakidas","1954-05-17","1987-09-24","Sales"
231696,"Foong","Silva","1955-03-11","1987-11-12","Sales"
231740,"Kyoichi","Gustavson","1955-06-21","1987-09-01","Sales"
232599,"Haldon","Kropf","1952-11-30","1987-03-19","Sales"
233163,"Jayson","Ginneken","1955-10-04","1985-05-13","Sales"
233196,"Masoud","Bottner","1952-09-08","1988-01-04","Sales"
233250,"Jayson","Hoogerwoord","1954-10-07","1986-06-24","Sales"
233594,"Xiahua","Yamaashi","1955-09-13","1986-03-24","Sales"
235364,"Marie","Keohane","1955-04-26","1987-01-04","Sales"
235382,"Ghassan","Pillow","1953-11-14","1985-07-07","Sales"
235411,"Mingzeng","Litzler","1954-03-15","1987-08-14","Sales"
235661,"Along","Menhardt","1952-06-03","1986-04-10","Sales"
235740,"Arco","Baer","1954-02-06","1987-10-18","Sales"
235775,"Chriss","Driscoll","1954-11-30","1988-09-08","Sales"
237047,"Akeel","Peres","1952-10-06","1988-02-18","Sales"
237812,"Xiadong","Gischer","1952-03-27","1985-03-11","Sales"
238298,"Prasadram","Cunliffe","1955-04-11","1985-05-17","Sales"
238476,"Khalid","Lanzelotte","1954-03-10","1985-09-08","Sales"
238797,"Filipp","Akaboshi","1955-06-30","1988-10-24","Sales"
238867,"Visit","Sigstam","1953-11-13","1985-10-18","Sales"
239021,"Christ","Foong","1955-07-11","1987-02-24","Sales"
239185,"Luigi","Giaccio","1955-01-09","1987-12-04","Sales"
239350,"Marlo","Peltason","1955-08-23","1988-01-20","Sales"
239377,"Geraldo","McFarlan","1955-12-12","1985-06-12","Sales"
239495,"Saeed","Stemann","1954-12-14","1987-08-15","Sales"
239806,"Byong","Kadhim","1952-08-15","1986-02-09","Sales"
239832,"Akhilish","Kakkar","1954-07-15","1985-10-18","Sales"
240469,"Harngdar","Oxenboll","1953-11-15","1985-07-15","Sales"
240559,"Yinlin","Bhattacharjee","1953-10-05","1986-10-17","Sales"
240744,"Yakkov","Ratnakar","1954-05-09","1986-12-26","Sales"
241553,"Nathan","Gurbaxani","1955-05-05","1987-05-16","Sales"
241965,"Aimee","Kornatzky","1955-04-17","1987-12-30","Sales"
242162,"Yinghua","Bodoff","1952-03-14","1988-07-01","Sales"
242334,"Renny","Kadhim","1955-10-30","1985-09-20","Sales"
242367,"Larisa","Papastamatiou","1954-12-12","1987-10-06","Sales"
242731,"Arun","Erdmenger","1952-06-14","1987-09-15","Sales"
242821,"Vojin","Baby","1954-10-03","1987-09-26","Sales"
242903,"Dung","Genther","1952-04-12","1988-10-30","Sales"
243131,"Paris","Detkin","1953-07-26","1987-09-09","Sales"
243189,"Goh","Rebaine","1955-08-23","1986-03-12","Sales"
243213,"Malu","Kusakabe","1955-05-20","1987-09-12","Sales"
243225,"Yakichi","Luby","1955-04-26","1986-09-14","Sales"
243613,"Gudjon","Parveen","1952-04-22","1986-07-22","Sales"
245463,"Chenye","Rajcani","1953-06-20","1986-07-15","Sales"
245997,"Zhongwei","Rusterholz","1955-01-02","1988-07-19","Sales"
246692,"Lansing","Conti","1953-05-15","1987-10-03","Sales"
247056,"Syozo","Figueira","1953-08-24","1987-12-31","Sales"
247104,"Jinya","Schnelling","1954-07-03","1985-09-20","Sales"
247220,"Aimee","Miyakawa","1952-11-16","1986-04-05","Sales"
247715,"Harjit","Scharstein","1955-06-04","1988-04-18","Sales"
248312,"Sanjit","Bierman","1954-12-24","1985-04-27","Sales"
248885,"Xiong","Kieras","1955-01-17","1986-07-28","Sales"
250107,"Zine","Doering","1953-06-30","1988-08-05","Sales"
250141,"Brewster","Chenney","1954-09-11","1986-05-24","Sales"
250418,"Yannis","Cools","1954-08-12","1987-02-03","Sales"
250557,"Shigeo","Mundy","1952-09-12","1985-07-26","Sales"
250790,"Saeko","Veccia","1953-10-30","1986-08-25","Sales"
250825,"Christophe","Perfilyeva","1953-07-01","1986-06-30","Sales"
251261,"Suzette","McAffer","1955-03-22","1987-01-03","Sales"
251603,"Yunming","Baar","1953-07-29","1986-03-05","Sales"
251692,"Ferdinand","Shanbhogue","1953-06-20","1986-08-02","Sales"
252368,"Chenyi","Rabehasaina","1954-10-23","1986-03-25","Sales"
253094,"Hugh","Syrotiuk","1953-09-30","1987-03-11","Sales"
253126,"Alejandro","Birta","1952-08-14","1985-10-09","Sales"
253174,"Hidekazu","Henders","1953-05-05","1986-09-23","Sales"
253848,"Seongbae","Einsfeld","1954-08-15","1985-11-05","Sales"
254203,"Rutger","Milicic","1954-07-17","1986-08-14","Sales"
254460,"Duke","Poujol","1953-12-06","1988-01-06","Sales"
254798,"Takanari","Famili","1952-03-08","1987-08-08","Sales"
254882,"Arunas","Bondorf","1955-10-06","1987-10-10","Sales"
255143,"Jessie","Bierman","1953-02-24","1985-07-23","Sales"
255357,"Siddarth","Clouatre","1953-03-07","1986-07-22","Sales"
255403,"Yuqun","Goldhammer","1954-08-14","1988-02-21","Sales"
256061,"Shiv","Karner","1952-05-25","1986-07-08","Sales"
256149,"Tonia","Hiltgen","1955-03-04","1987-01-09","Sales"
256707,"Breannda","Bain","1955-05-16","1987-08-16","Sales"
256862,"Moheb","Juneja","1952-04-06","1985-06-24","Sales"
257079,"Serap","Wiegley","1954-11-30","1987-07-10","Sales"
257300,"Nimmagadda","Taubenfeld","1955-08-13","1986-10-12","Sales"
257435,"Bangqing","Krybus","1954-12-07","1988-07-22","Sales"
257436,"Arlette","Dahlbom","1955-01-17","1986-09-01","Sales"
257505,"Eran","Conta","1954-09-02","1988-10-16","Sales"
258385,"Tsz","Vesna","1953-03-14","1986-10-26","Sales"
258927,"Fumiya","Kragelund","1954-12-23","1988-09-15","Sales"
260612,"Roded","Conte","1954-10-31","1987-03-06","Sales"
261337,"Deniz","Leslie","1954-10-12","1986-05-28","Sales"
261874,"Elrique","Mandelberg","1955-07-10","1986-11-24","Sales"
262340,"Zengping","Deverell","1952-02-19","1987-02-15","Sales"
262348,"Aksel","Frezza","1954-06-20","1988-01-04","Sales"
262550,"Masako","Baranowski","1953-04-22","1987-05-17","Sales"
262572,"Xiaobin","Srimani","1955-10-10","1987-11-24","Sales"
262622,"Theron","Taubman","1954-03-31","1988-09-02","Sales"
262631,"Sverrir","Egerstedt","1954-07-04","1986-08-27","Sales"
262635,"Marit","Syrzycki","1952-03-27","1988-04-27","Sales"
262645,"Martins","Ranum","1955-05-09","1986-07-23","Sales"
262663,"Fumino","Riexinger","1954-02-10","1985-02-19","Sales"
263354,"Emdad","Caine","1955-04-10","1988-06-08","Sales"
263599,"Fen","VanScheik","1953-06-11","1986-03-19","Sales"
263868,"Chinhyun","Koprowski","1953-02-15","1986-02-19","Sales"
264125,"Arnould","Thibadeau","1955-06-21","1987-10-08","Sales"
264494,"Yolla","Itzfeldt","1953-02-16","1987-04-14","Sales"
265072,"Udaiprakash","Marzano","1955-11-11","1987-03-05","Sales"
265157,"Narain","Aamodt","1953-01-30","1988-08-16","Sales"
265286,"Inderjeet","Mahmud","1955-04-02","1986-10-09","Sales"
265720,"Yucai","Otillio","1953-01-26","1987-01-10","Sales"
265903,"Abdelkader","Angelov","1953-07-04","1985-08-20","Sales"
265948,"Weiru","Budinsky","1955-05-01","1986-10-31","Sales"
266017,"Gift","Spelt","1955-03-03","1988-11-16","Sales"
266147,"Lalit","Krichel","1955-05-16","1985-12-21","Sales"
267128,"Kaijung","Angiulli","1953-04-05","1986-12-23","Sales"
267257,"Somnath","Sidhu","1953-01-09","1985-11-03","Sales"
267295,"Guiseppe","Fujisaki","1955-03-19","1987-10-26","Sales"
267344,"Otmar","Ghemri","1953-11-29","1987-01-29","Sales"
267619,"Zengping","Lienhardt","1955-09-21","1986-01-30","Sales"
267722,"Baruch","Cangellaris","1954-01-27","1988-07-22","Sales"
268021,"Valeri","Waymire","1952-03-03","1987-04-03","Sales"
268211,"Sverrir","Jansch","1955-09-02","1988-06-20","Sales"
268992,"Basil","Genther","1954-05-16","1988-04-05","Sales"
269127,"Poorav","Ishibashi","1953-12-13","1985-03-02","Sales"
269802,"Gregory","Tiemann","1954-04-03","1987-04-18","Sales"
269811,"Khoa","Jansch","1952-03-08","1988-08-11","Sales"
269877,"Mads","Servi","1954-10-12","1988-11-04","Sales"
269936,"Cathie","Bratsberg","1955-09-26","1986-02-06","Sales"
270039,"Minghong","Ecklund","1952-11-21","1987-05-23","Sales"
270404,"Gaurav","Minakawa","1954-03-24","1988-08-12","Sales"
270596,"Uriel","Gien","1955-10-17","1985-12-27","Sales"
271480,"Arumugam","Cooley","1953-09-29","1988-05-15","Sales"
271550,"Mats","Menhardt","1954-08-13","1986-03-13","Sales"
271679,"Shaz","Ladret","1954-08-09","1987-11-02","Sales"
271867,"Chenye","Aloia","1953-03-12","1988-01-13","Sales"
272094,"Uli","Mamelak","1953-12-17","1988-05-25","Sales"
272109,"Kellyn","Famili","1953-05-17","1988-04-22","Sales"
272947,"Kirk","Basawa","1954-01-16","1988-07-24","Sales"
273568,"Mizuhito","Kilgore","1952-09-28","1988-09-15","Sales"
273617,"Theron","Nyanchama","1955-09-26","1987-04-18","Sales"
274282,"Saeko","Bernatsky","1953-04-05","1985-06-28","Sales"
274397,"Rimli","Wendorf","1953-04-25","1987-11-18","Sales"
274625,"Fatemeh","Assaf","1955-12-20","1987-07-19","Sales"
275022,"Lansing","Yoshimura","1955-05-08","1987-04-23","Sales"
275755,"Yagil","Comyn","1955-04-04","1985-03-31","Sales"
275767,"Uinam","Varker","1955-03-20","1988-03-07","Sales"
275851,"Panayotis","Glowinski","1953-07-14","1987-02-27","Sales"
276515,"Hercules","Granlund","1952-08-25","1987-11-17","Sales"
276576,"Guadalupe","McClurg","1952-12-26","1986-08-21","Sales"
276578,"Sibyl","Luff","1954-11-02","1985-04-09","Sales"
277019,"Toshimi","Cherinka","1953-01-16","1987-05-18","Sales"
277130,"Bojan","Passino","1952-11-03","1988-11-15","Sales"
277588,"Kensei","Guerreiro","1955-02-27","1985-08-18","Sales"
278486,"Aiichiro","Maraist","1952-05-03","1985-06-19","Sales"
279118,"Remko","Ramamoorthy","1952-03-05","1986-09-23","Sales"
279226,"Isaac","Gopalakrishnan","1955-07-14","1988-03-09","Sales"
279397,"Elvis","Karcich","1952-08-05","1985-11-23","Sales"
279506,"Shih","Selvestrel","1953-06-16","1987-04-20","Sales"
279732,"Sedat","Imataki","1954-10-22","1988-06-05","Sales"
280309,"Chuanyi","Bolsens","1953-10-30","1986-07-28","Sales"
280670,"Premsyl","Hitomi","1955-02-23","1985-05-11","Sales"
280923,"Uno","Silva","1955-07-26","1988-06-03","Sales"
280955,"Mona","Anido","1955-10-17","1986-02-20","Sales"
281188,"Sedat","Heyers","1954-01-28","1986-02-25","Sales"
281505,"Babette","Baer","1955-06-01","1986-01-21","Sales"
281590,"Tooru","Heydon","1953-01-26","1987-02-20","Sales"
281596,"Jixiang","Feinberg","1953-05-18","1985-10-22","Sales"
281697,"Nirmal","Rusterholz","1955-05-16","1985-07-10","Sales"
282002,"Franziska","Eickenmeyer","1955-07-27","1985-03-24","Sales"
282204,"Ulises","Schneeberger","1955-02-13","1988-09-27","Sales"
282810,"Zeljko","Merks","1953-04-06","1986-01-29","Sales"
283504,"Koldo","Jeong","1953-03-25","1987-07-13","Sales"
283589,"Ravishankar","Lamparter","1954-10-26","1986-09-24","Sales"
283847,"Fai","Barriga","1954-06-15","1985-04-29","Sales"
284161,"Kazuhide","Hiroyama","1953-10-19","1985-07-20","Sales"
284265,"Christoph","Lubachevsky","1954-03-20","1987-08-09","Sales"
284385,"Xiaocheng","Marletta","1955-05-31","1986-04-12","Sales"
284830,"Stafford","Luff","1954-12-24","1987-06-04","Sales"
285087,"Masako","Badache","1954-12-10","1987-01-09","Sales"
285308,"Domenico","Miake","1952-10-26","1985-06-29","Sales"
285829,"Jeanne","Henders","1952-10-30","1986-08-12","Sales"
286143,"Atreye","Botman","1954-08-05","1985-04-15","Sales"
286196,"Trygve","Gewali","1953-06-02","1986-10-19","Sales"
286827,"Yunming","Merey","1955-02-09","1988-08-30","Sales"
286852,"Anwar","Oppitz","1953-03-13","1985-05-06","Sales"
286893,"Parke","Yurek","1955-03-06","1987-07-03","Sales"
287161,"Gilbert","Parveen","1953-06-29","1988-03-05","Sales"
287249,"Richara","Gopalakrishnan","1955-01-01","1985-07-17","Sales"
287613,"Navid","Magalhaes","1952-04-28","1988-03-02","Sales"
288161,"Kellyn","Luck","1954-06-12","1988-04-11","Sales"
288639,"Shooichi","Rehfuss","1955-01-21","1985-03-26","Sales"
289107,"Holgard","Luef","1955-12-09","1985-07-30","Sales"
289356,"Yuqun","Kobuchi","1952-11-22","1985-10-23","Sales"
289862,"Marin","Deverell","1954-06-07","1988-06-12","Sales"
290035,"Zine","Lieberherr","1952-06-07","1987-01-24","Sales"
290357,"Kasturi","Cunliffe","1953-02-23","1988-11-08","Sales"
290589,"Jouni","Chleq","1955-06-20","1986-05-09","Sales"
290788,"Weijing","Lundstrom","1955-08-26","1986-03-27","Sales"
290816,"Sachem","Cochrane","1955-03-30","1986-01-26","Sales"
290946,"Abdelghani","Reutenauer","1954-12-31","1987-09-05","Sales"
291359,"Sreekrishna","Swiler","1955-07-13","1985-12-12","Sales"
291380,"Mohammed","Miara","1952-07-07","1988-01-12","Sales"
291385,"Khun","Anandan","1952-08-06","1987-05-16","Sales"
291534,"Akhilish","Paciorek","1953-02-21","1986-08-25","Sales"
292643,"Chriss","Eiter","1953-03-04","1985-03-23","Sales"
292675,"Munehiko","Ranze","1952-12-18","1987-03-30","Sales"
293312,"Zito","Pehl","1952-09-10","1987-12-03","Sales"
294011,"Guiseppe","Solares","1952-05-14","1985-07-11","Sales"
294080,"Chenxi","Iwayama","1955-01-18","1986-07-21","Sales"
294164,"Subhada","Hennings","1953-10-24","1986-03-02","Sales"
295351,"Niranjan","Barinka","1952-09-18","1986-03-24","Sales"
296016,"Ayakannu","Munoz","1953-01-23","1985-04-19","Sales"
296108,"Marsha","Karnin","1955-12-20","1986-04-28","Sales"
296763,"Aran","Brookman","1952-04-07","1985-06-15","Sales"
296907,"Valery","Wolniewicz","1954-05-15","1985-08-01","Sales"
297026,"Niranjan","Schaar","1955-08-01","1987-12-21","Sales"
297169,"Vincent","Rousseau","1952-03-27","1987-06-08","Sales"
297340,"Lucian","Famili","1955-12-24","1986-03-20","Sales"
297510,"Gift","Restivo","1954-06-21","1985-07-01","Sales"
297592,"Goncalo","Baezner","1952-03-05","1986-01-11","Sales"
297594,"Atreye","Picht","1955-05-13","1987-11-23","Sales"
297795,"Aksel","Baez","1952-05-30","1985-11-08","Sales"
298704,"Cedric","Bach","1953-05-03","1985-10-04","Sales"
299095,"Zhenbing","Merlo","1952-02-24","1985-07-07","Sales"
299162,"Rutger","Georgakopoulos","1953-03-01","1987-04-11","Sales"
299314,"Shietung","Dayang","1954-03-27","1986-05-05","Sales"
400252,"Nalini","Collette","1952-07-11","1987-02-21","Sales"
400680,"Ewing","Gerteisen","1953-06-09","1988-06-23","Sales"
400764,"Shay","Melton","1953-04-24","1985-07-02","Sales"
400809,"Hisao","Fujisawa","1952-12-14","1985-02-23","Sales"
401157,"Zhanqiu","Sewelson","1953-07-23","1987-07-25","Sales"
401577,"Harngdar","Mapelli","1955-03-05","1986-08-08","Sales"
401916,"Chinhyun","Itzigehl","1952-04-16","1988-02-16","Sales"
401955,"Marie","Peak","1955-05-14","1988-01-06","Sales"
402920,"Peternela","Bernardinello","1952-07-01","1988-11-01","Sales"
403038,"Mitsuyuki","Facello","1952-09-17","1985-08-16","Sales"
403270,"Waiman","Cooman","1952-04-13","1986-07-05","Sales"
403501,"Hatsukazu","Fujisaki","1954-06-16","1985-12-21","Sales"
403860,"Pragnesh","Senzako","1952-11-17","1987-07-24","Sales"
403888,"Qunsheng","Karner","1953-10-11","1987-12-16","Sales"
405023,"Radhia","Leivant","1955-04-20","1988-11-07","Sales"
405264,"Moto","Schahn","1954-04-25","1987-01-09","Sales"
405294,"Shigenori","Basawa","1954-01-13","1987-12-12","Sales"
406376,"Weiru","Schaaf","1954-12-27","1987-01-26","Sales"
407071,"Cordelia","Matheson","1952-08-28","1987-03-31","Sales"
407504,"Shigehiro","Levasseur","1955-09-05","1986-07-24","Sales"
407594,"Carrsten","Cannard","1952-08-17","1986-09-01","Sales"
408167,"Greger","Demizu","1952-12-03","1986-11-19","Sales"
409039,"Sergi","Smeets","1952-04-29","1985-06-21","Sales"
409607,"Qiwen","Woycyznski","1955-07-29","1988-02-13","Sales"
410117,"Fumiyo","Beausoleil","1954-11-17","1988-12-21","Sales"
410430,"Tadahiro","Rusterholz","1955-03-21","1987-08-05","Sales"
410775,"Luerbio","Thebaut","1952-02-07","1986-01-24","Sales"
411252,"Gaetan","Stafford","1954-01-31","1988-12-06","Sales"
411512,"Mats","Cappelli","1952-10-29","1987-02-24","Sales"
411869,"Serenella","Sherertz","1955-05-28","1988-05-31","Sales"
411990,"Luigi","Renear","1955-02-23","1987-05-02","Sales"
412050,"Marie","Malabarba","1955-03-19","1985-09-20","Sales"
412243,"Sarita","Gammage","1952-08-16","1988-05-11","Sales"
412951,"Paris","Barriga","1954-04-23","1986-02-11","Sales"
413876,"Tianruo","Birrer","1953-05-12","1987-03-21","Sales"
414400,"Stella","Dayang","1952-08-03","1985-03-17","Sales"
415243,"Neven","Riexinger","1953-08-08","1987-04-07","Sales"
415477,"Serap","Cronau","1952-08-25","1988-02-17","Sales"
415800,"Otilia","Bratsberg","1953-02-03","1986-04-17","Sales"
415859,"Leon","Gonthier","1953-08-24","1988-03-02","Sales"
416487,"Marsja","Anick","1955-08-08","1985-05-13","Sales"
417705,"Kousuke","Lammel","1955-09-12","1985-10-24","Sales"
418491,"Aram","Constantine","1952-03-16","1987-11-05","Sales"
418515,"Naftali","Chachaty","1955-11-09","1987-07-01","Sales"
418870,"Garnik","Dulli","1955-06-17","1985-12-28","Sales"
419585,"Ramachenga","Pezzoli","1953-11-10","1985-03-14","Sales"
420644,"Magdalena","Bojadziev","1954-07-31","1987-10-21","Sales"
420951,"Moriyoshi","Ventosa","1953-10-30","1987-01-16","Sales"
421388,"Elzbieta","Bernatsky","1954-03-14","1988-06-24","Sales"
421796,"Yakkov","Apsitis","1952-09-16","1986-09-28","Sales"
422156,"Chikara","Cardazo","1954-06-09","1985-02-08","Sales"
422363,"Tetsurou","Pramanik","1954-09-08","1988-02-16","Sales"
422470,"Arvin","Androutsos","1955-07-23","1987-05-02","Sales"
422698,"Lobel","Maraist","1955-02-19","1985-08-10","Sales"
423226,"Tadahiro","Szmurlo","1952-10-26","1988-07-07","Sales"
424467,"Udo","Hockney","1955-11-20","1987-06-15","Sales"
424811,"Tomokazu","Reutenauer","1954-03-23","1986-01-31","Sales"
425328,"Theron","Salvesen","1953-08-25","1985-07-13","Sales"
425345,"Michaela","Georgatos","1952-05-05","1985-04-09","Sales"
425532,"Pohua","Setia","1953-08-19","1988-09-16","Sales"
425547,"Remko","Hasham","1955-02-17","1986-08-19","Sales"
425636,"Danco","Picaronny","1954-12-23","1985-12-23","Sales"
425972,"Arch","Vrecion","1953-06-10","1985-02-14","Sales"
426058,"Kristin","Sifakis","1953-12-05","1985-12-09","Sales"
427219,"Chenyi","Iisaka","1952-03-06","1986-09-17","Sales"
427488,"Bingning","Norsworthy","1953-01-03","1985-04-19","Sales"
427623,"Shaunak","Itschner","1953-11-05","1986-11-20","Sales"
428004,"Weiye","Prenel","1953-07-28","1985-06-10","Sales"
428020,"Toshimitsu","Tiemann","1952-05-03","1988-12-04","Sales"
428156,"Salvador","Dolinsky","1952-02-29","1986-10-07","Sales"
428224,"Michaela","Pollacia","1955-03-01","1988-08-14","Sales"
428466,"Jianhua","Olano","1954-06-04","1985-07-03","Sales"
429414,"Zongyan","Mahmud","1954-03-08","1985-11-16","Sales"
429518,"Tomokazu","Poujol","1952-10-13","1987-10-13","Sales"
429665,"Snehasis","Piazza","1955-08-07","1988-08-09","Sales"
430078,"Kirk","Ginesta","1955-04-12","1988-09-17","Sales"
430101,"Dekang","Veeraraghavan","1952-04-07","1988-11-02","Sales"
430196,"Mechthild","Fasbender","1955-11-20","1988-01-06","Sales"
430615,"Babette","Stanfel","1955-12-04","1986-10-03","Sales"
431167,"Candida","Merle","1954-05-03","1986-10-19","Sales"
431645,"Boriana","Rusterholz","1954-01-30","1988-09-04","Sales"
432676,"Leaf","Borovoy","1954-08-12","1988-03-13","Sales"
432763,"Ramalingam","Lanzelotte","1952-10-13","1985-04-20","Sales"
433562,"Chrisa","Gruenwald","1955-07-06","1986-10-08","Sales"
433665,"Aimee","Kusalik","1955-08-06","1985-03-23","Sales"
433670,"Mohamadou","Bresenham","1952-02-26","1985-11-21","Sales"
434234,"Younwoo","Rothenberg","1952-12-07","1986-12-07","Sales"
434431,"Berto","Hiroyama","1954-01-03","1985-06-07","Sales"
434546,"Mahmut","Whitcomb","1953-02-02","1986-04-12","Sales"
435782,"Shugo","Bolotov","1954-07-15","1988-08-25","Sales"
435785,"Yongmin","Validov","1955-12-28","1988-04-08","Sales"
436254,"Tsutomu","Bellone","1954-12-29","1986-09-09","Sales"
436431,"Uriel","Hutton","1952-04-07","1987-08-12","Sales"
436473,"Nakhoon","Braunmuhl","1955-09-24","1988-09-05","Sales"
436744,"Remzi","Luders","1954-10-04","1986-03-24","Sales"
437024,"Ioana","Jullig","1953-08-09","1988-07-27","Sales"
437236,"Remmert","Asrin","1952-07-05","1987-03-22","Sales"
437889,"Dannz","Rosay","1955-08-08","1988-02-02","Sales"
437985,"Reuven","Munke","1954-06-12","1986-04-13","Sales"
438154,"Karsten","Kenevan","1955-01-05","1987-05-21","Sales"
438619,"Chiranjit","Sichman","1955-05-15","1986-03-10","Sales"
438676,"Conal","Mikschl","1953-08-29","1985-03-15","Sales"
438940,"Mayumi","Shackell","1952-08-14","1986-05-24","Sales"
439322,"Jaihie","Waeselynck","1955-07-25","1988-04-27","Sales"
439577,"Yannik","Schlumberger","1955-01-31","1988-05-18","Sales"
439969,"Ohad","Gini","1955-03-03","1986-06-09","Sales"
440218,"Shigeo","Simmen","1954-06-13","1985-06-02","Sales"
440255,"Margareta","Schlenzig","1955-09-08","1988-02-15","Sales"
440370,"Fumiya","Gunderson","1952-03-02","1987-12-22","Sales"
441352,"Christoper","Menyhert","1953-11-24","1988-09-22","Sales"
441503,"Chuanti","Kaiserswerth","1955-06-05","1986-10-10","Sales"
441762,"Mircea","Delaune","1952-11-13","1985-05-11","Sales"
441955,"Sudhanshu","Sommer","1955-12-08","1987-05-16","Sales"
442649,"Utz","Vendrig","1954-03-30","1986-01-07","Sales"
442812,"Hugo","Rodiger","1954-10-29","1988-12-08","Sales"
443239,"Arunas","Quaggetto","1953-04-09","1988-03-10","Sales"
443840,"Oguz","Fairtlough","1955-05-04","1986-01-29","Sales"
444008,"Munehiko","Stemann","1953-01-23","1988-01-14","Sales"
444061,"Gal","Merks","1954-07-25","1985-12-24","Sales"
444518,"Uwe","Kaelbling","1954-03-25","1985-04-01","Sales"
444986,"Masaki","Eldridge","1953-10-15","1986-08-26","Sales"
445077,"Parke","Marquardt","1952-06-19","1986-04-29","Sales"
445220,"Florina","Luft","1953-04-12","1986-03-05","Sales"
445249,"Nobuyoshi","Gargeya","1953-07-29","1987-03-31","Sales"
446645,"Ferdinand","Ranst","1953-03-21","1987-02-20","Sales"
447346,"Zine","Conta","1953-11-01","1985-05-19","Sales"
447562,"Fen","Dichev","1955-01-25","1985-03-29","Sales"
447635,"Kitty","Ranft","1952-09-14","1985-12-06","Sales"
448063,"Ayonca","Antonisse","1954-06-18","1988-06-02","Sales"
449087,"Khalid","Eppinger","1954-04-29","1987-10-07","Sales"
449263,"Aemilian","Leaver","1952-04-07","1988-11-13","Sales"
449487,"Yonghong","Codenie","1955-07-08","1987-01-12","Sales"
449745,"Jeong","Imataki","1953-07-11","1986-07-27","Sales"
450328,"Lenore","Pauthner","1953-08-18","1985-05-02","Sales"
451020,"Abdelwaheb","Masada","1952-09-03","1985-11-06","Sales"
451392,"Sachar","Sadowski","1952-09-18","1988-02-23","Sales"
451416,"Tru","Baig","1954-08-07","1988-08-05","Sales"
451589,"Angus","Naudin","1954-09-15","1985-02-27","Sales"
451811,"Nalini","Rabehasaina","1953-07-25","1987-09-24","Sales"
452283,"Hidekazu","Decleir","1953-04-11","1988-05-25","Sales"
452409,"Jaihie","Szmurlo","1955-02-08","1988-11-01","Sales"
452621,"Werner","Dolinsky","1952-04-18","1986-06-26","Sales"
452792,"Dmitry","Bade","1954-07-11","1985-09-30","Sales"
452928,"Etsuo","Bondorf","1952-05-25","1985-04-15","Sales"
453660,"Supot","Lueh","1954-05-08","1988-12-06","Sales"
454182,"Mack","Cooke","1952-08-27","1985-06-22","Sales"
454376,"Fabrizio","Rosaz","1953-12-31","1986-08-19","Sales"
454400,"Gen","Vecchi","1954-12-04","1988-12-09","Sales"
454612,"Gor","Pell","1954-12-28","1987-03-14","Sales"
454789,"Ramachenga","DuBourdieux","1954-03-14","1985-09-25","Sales"
455402,"Nidapan","Luce","1955-10-16","1985-11-25","Sales"
455770,"Petter","Picci","1953-07-20","1986-09-08","Sales"
456007,"Souichi","Aloia","1953-06-08","1988-10-24","Sales"
456111,"Vincent","Legleitner","1952-02-04","1987-08-27","Sales"
456161,"Pranas","Lindenbaum","1955-05-27","1985-09-12","Sales"
456286,"Maria","Taubenfeld","1955-09-02","1986-12-15","Sales"
456509,"Gio","Schlegelmilch","1954-03-23","1985-03-01","Sales"
457051,"Rosli","Bain","1954-10-20","1985-12-19","Sales"
457422,"Dung","Fasbender","1955-08-10","1987-02-03","Sales"
458084,"DAIDA","Stamatiou","1955-02-23","1985-12-13","Sales"
458787,"Katsuyuki","Brandsma","1954-09-12","1987-04-19","Sales"
458936,"Jacqueline","Siksek","1955-04-03","1986-11-13","Sales"
459021,"Teruyuki","Menhardt","1954-02-27","1988-05-19","Sales"
459031,"Kazuhiro","Raoux","1953-02-22","1987-08-27","Sales"
459609,"Lenore","Peris","1954-05-20","1987-03-30","Sales"
459635,"Valeri","Gaughan","1953-07-11","1988-05-21","Sales"
460817,"Ewing","Worfolk","1953-11-03","1986-08-27","Sales"
461285,"Yefim","Pintelas","1954-09-28","1988-04-07","Sales"
461694,"Arup","Dratva","1954-03-13","1986-01-16","Sales"
462145,"Gurbir","Thimonier","1954-06-02","1987-07-21","Sales"
462208,"Stafford","Hopewell","1955-08-29","1987-03-27","Sales"
462284,"Samphel","Farrow","1954-07-11","1988-04-27","Sales"
462849,"Tadahiro","Pintelas","1953-09-10","1986-05-02","Sales"
464050,"Shan","Bratten","1955-11-16","1986-11-18","Sales"
464588,"Xiaoshan","Pargas","1953-12-08","1988-08-20","Sales"
464864,"Shen","Schmittgen","1954-01-02","1986-02-05","Sales"
466433,"Saeko","Denna","1955-06-08","1986-12-26","Sales"
467680,"Ravishankar","Luon","1955-04-16","1985-06-13","Sales"
467909,"Marlo","Birge","1953-03-10","1988-03-31","Sales"
468100,"Guoxiang","Lambe","1952-06-11","1987-07-26","Sales"
468371,"Stamatina","Viele","1954-11-01","1985-06-07","Sales"
468620,"Paraskevi","Majewski","1952-04-13","1988-02-14","Sales"
468902,"Zhonghua","Aumann","1953-11-13","1985-10-08","Sales"
470393,"Khatoun","Botman","1954-09-26","1986-04-17","Sales"
470782,"Fen","Henders","1954-01-26","1986-08-19","Sales"
470905,"Tesuro","Goodrum","1952-06-05","1985-04-06","Sales"
471063,"Rildo","Hasham","1955-05-10","1987-05-31","Sales"
471631,"Mingsen","Ibel","1953-04-20","1985-07-31","Sales"
471847,"Katsuo","Maccarone","1953-09-07","1987-03-21","Sales"
472939,"Naraig","Dalton","1953-09-21","1986-02-12","Sales"
473521,"Malu","Katalagarianos","1954-10-05","1987-10-26","Sales"
473703,"Steve","Baar","1954-01-18","1986-01-14","Sales"
474453,"Zhenbing","Poujol","1955-12-30","1987-10-18","Sales"
474474,"Kazuhira","Lammel","1953-06-12","1987-04-14","Sales"
475077,"Claude","Ouhyoung","1952-03-12","1985-06-30","Sales"
475299,"Luigi","Cincotta","1953-12-02","1986-06-04","Sales"
475448,"Ingemar","Lorys","1954-01-03","1987-11-14","Sales"
475686,"Elrique","Reeken","1953-10-28","1986-07-26","Sales"
475860,"Brigham","Broomell","1952-08-21","1988-05-07","Sales"
476106,"Guiseppe","Mitsuhashi","1954-04-28","1986-09-21","Sales"
476167,"Genta","Dulli","1955-05-24","1988-12-07","Sales"
476671,"KayLiang","Winter","1953-11-16","1988-02-10","Sales"
477566,"Anwar","Gelosh","1952-03-07","1988-11-29","Sales"
478985,"Katsuo","Gubsky","1955-02-16","1985-10-20","Sales"
479157,"Jacopo","Larfeldt","1952-08-13","1986-01-13","Sales"
479566,"Paraskevi","Manderick","1954-12-10","1988-06-03","Sales"
480748,"Zhongwei","Isard","1954-07-19","1987-09-20","Sales"
481040,"Shahaf","Serdy","1953-01-23","1987-01-23","Sales"
481182,"Domenick","Penttonen","1954-11-24","1985-08-09","Sales"
481364,"Kazunori","Klassen","1953-03-30","1985-09-15","Sales"
482123,"Nobuyoshi","Mungall","1952-11-26","1985-04-05","Sales"
482413,"Zhigen","Melski","1952-05-16","1987-11-03","Sales"
483144,"Janalee","Morton","1952-05-12","1985-12-26","Sales"
483354,"Ekawit","Speel","1952-11-04","1988-02-16","Sales"
483770,"Zeydy","Szemeredi","1953-12-16","1988-12-30","Sales"
484504,"Gou","Orlowski","1952-09-02","1986-01-02","Sales"
484736,"Radhakrishnan","Stamatiou","1953-03-23","1985-05-16","Sales"
484943,"Danel","Iivonen","1953-10-07","1986-08-05","Sales"
485083,"Holgard","Huxford","1952-12-22","1985-11-11","Sales"
485205,"Yefim","Taneja","1952-09-06","1985-05-28","Sales"
485330,"Guttorm","Stavenow","1955-12-08","1987-09-15","Sales"
485487,"Goetz","Roohalamini","1954-09-14","1986-11-06","Sales"
485500,"Kristian","Kroon","1952-03-27","1988-10-26","Sales"
485547,"Ayonca","Verspoor","1955-10-04","1986-10-04","Sales"
485568,"Inderjeet","Oskamp","1955-05-05","1985-12-20","Sales"
485696,"Susanne","Nitta","1955-08-09","1985-08-21","Sales"
485708,"Steve","Tagansky","1955-02-13","1987-05-17","Sales"
485894,"Kersti","Vecchi","1952-08-28","1987-05-29","Sales"
486153,"Zorica","Gien","1952-12-17","1985-10-30","Sales"
486207,"Fumino","Valtorta","1955-04-17","1988-10-26","Sales"
486537,"Mayuri","Orlowska","1953-04-28","1985-12-18","Sales"
486553,"Toshiki","Schiper","1955-06-12","1988-08-25","Sales"
486562,"Radoslaw","Angelopoulos","1955-08-22","1985-11-15","Sales"
486830,"Marsal","Unni","1955-09-06","1986-09-08","Sales"
486836,"Remko","Klerer","1952-12-07","1987-12-06","Sales"
487393,"Keung","Hebert","1952-07-22","1985-11-29","Sales"
487796,"Gunilla","Bashian","1954-11-30","1988-06-27","Sales"
488674,"Uri","Ressouche","1953-03-07","1988-06-20","Sales"
488813,"Elliott","Gelosh","1953-07-25","1987-09-16","Sales"
488969,"Remko","Benzmuller","1955-04-27","1987-02-18","Sales"
490406,"Zhongwei","Rubsam","1955-03-27","1988-06-27","Sales"
490522,"Masasuke","Rossi","1955-02-15","1988-09-13","Sales"
491025,"Garnik","Kroon","1952-10-22","1987-03-01","Sales"
491074,"Kien","Baar","1952-06-13","1985-05-29","Sales"
491420,"Hauke","Diderrich","1955-10-04","1988-03-13","Sales"
491466,"Reinhold","Rettelbach","1955-09-01","1987-12-29","Sales"
492377,"Jianhua","Pollacia","1955-09-04","1987-11-04","Sales"
492612,"Guangming","Matzke","1955-06-06","1985-09-20","Sales"
492671,"Zengping","Docker","1952-03-01","1985-12-27","Sales"
492700,"Morrie","Yemenis","1953-10-01","1985-05-06","Sales"
493037,"Elrique","Schwaller","1952-09-24","1988-01-09","Sales"
493576,"Margareta","Prochazka","1952-03-04","1988-05-04","Sales"
493812,"Bernardo","Brizzi","1953-11-24","1987-05-10","Sales"
493857,"Alagu","Ecklund","1953-01-09","1987-12-22","Sales"
493903,"Takahiro","Kornyak","1952-11-15","1987-01-22","Sales"
495144,"Katsuo","Vidya","1954-07-22","1985-06-25","Sales"
495228,"Ramya","Selvestrel","1955-05-24","1986-04-19","Sales"
495459,"Leen","Genin","1952-07-10","1985-02-23","Sales"
496039,"Masamitsu","Bellone","1953-04-03","1988-03-20","Sales"
496150,"Dmitry","Marrakchi","1954-05-05","1988-10-28","Sales"
496174,"Mary","Staudhammer","1954-08-10","1988-11-30","Sales"
496326,"Xuejun","Angelopoulos","1952-11-19","1986-04-10","Sales"
496583,"Toshiki","Shinomoto","1952-11-19","1987-11-09","Sales"
497735,"Serenella","Percebois","1953-11-17","1988-11-20","Sales"
497845,"Nirmal","Ramaiah","1952-11-23","1987-04-02","Sales"
498862,"Zissis","Ranum","1954-07-11","1987-09-05","Sales"
499808,"Paris","Deyuan","1955-04-05","1987-12-21","Sales"
10053,"Sanjiv","Zschoche","1954-09-13","1986-02-04","Sales"
10795,"Supot","Naudin","1954-12-14","1985-05-21","Sales"
10895,"Vishwani","Petersohn","1952-03-21","1986-04-26","Sales"
11746,"Koichi","Marrakchi","1952-05-22","1988-11-17","Sales"
11838,"Taiji","Nitta","1955-04-13","1985-09-29","Sales"
12076,"Karlis","Siprelle","1955-03-16","1985-03-25","Sales"
12149,"Suebskul","Grandbois","1954-10-25","1988-10-01","Sales"
12399,"Mihalis","Luga","1955-11-15","1987-12-07","Sales"
12464,"Shai","Milicic","1955-09-08","1986-08-18","Sales"
12790,"Gunilla","Perl","1953-02-05","1986-04-22","Sales"
13173,"Arve","Horswill","1953-04-20","1987-09-24","Sales"
13179,"Moty","Janocha","1955-09-09","1987-04-16","Sales"
13210,"Jianhua","Klassen","1953-06-19","1986-09-19","Sales"
13605,"Dmitry","Encarnacion","1953-08-02","1985-09-29","Sales"
13680,"Denny","Speer","1953-08-08","1985-03-18","Sales"
14275,"Tristan","Aseltine","1953-08-29","1987-04-16","Sales"
14899,"Alejandro","Casley","1954-02-26","1985-02-22","Sales"
15071,"Ayonca","Couchot","1953-10-31","1988-10-15","Sales"
15715,"Insup","Ibel","1955-02-26","1987-10-24","Sales"
15799,"Manton","Gelosh","1952-03-25","1988-05-07","Sales"
15912,"Piyawadee","Cichocki","1954-01-09","1985-07-17","Sales"
16500,"Elvis","Servieres","1953-02-02","1985-07-15","Sales"
16672,"Georgi","Peris","1955-04-25","1986-03-13","Sales"
17102,"Radhika","Garnick","1954-01-23","1985-04-03","Sales"
17275,"Shmuel","Danlos","1952-08-05","1985-08-30","Sales"
17468,"Abdelghani","Irland","1953-09-09","1988-08-31","Sales"
17874,"Rutger","Minakawa","1953-03-04","1988-05-08","Sales"
17986,"Oguz","Angelopoulos","1955-12-25","1986-11-29","Sales"
18612,"Nevin","Sevcikova","1952-07-12","1988-04-28","Sales"
18664,"Itzchak","Akaboshi","1955-11-17","1987-10-02","Sales"
19014,"Jiafu","Danecki","1953-11-29","1986-01-20","Sales"
19048,"Nikolaus","Radhakrishnan","1952-05-10","1987-02-25","Sales"
19381,"Xiahua","Holburn","1954-11-14","1986-10-07","Sales"
19663,"Sverrir","Navazio","1954-12-23","1987-03-29","Sales"
20621,"Arumugam","Navazio","1952-03-28","1986-03-30","Sales"
21612,"Martial","Bardell","1955-12-28","1988-12-25","Sales"
21897,"Sampalli","Kavanagh","1953-04-30","1988-02-01","Sales"
21976,"Randy","Uhrig","1954-06-13","1986-03-14","Sales"
22111,"Rasiah","Felcyn","1952-02-04","1986-04-01","Sales"
22374,"Soenke","Klassen","1952-04-08","1986-01-07","Sales"
22535,"Alejandra","Chachaty","1952-12-12","1985-12-15","Sales"
22590,"Suzette","Veevers","1952-10-15","1986-11-29","Sales"
23300,"Froduald","Schauser","1953-02-13","1987-09-19","Sales"
23868,"Trygve","Reistad","1954-01-01","1987-05-26","Sales"
23995,"Fatemeh","Zhang","1954-11-23","1987-01-06","Sales"
24015,"Baruch","Wixon","1954-06-25","1988-02-26","Sales"
24153,"Lidong","Anger","1954-02-18","1985-12-07","Sales"
24388,"Zhilian","Milicic","1953-01-15","1988-07-07","Sales"
24460,"Yinghua","Lanphier","1955-06-15","1985-04-09","Sales"
24588,"Huiqun","Kranzdorf","1953-06-01","1986-01-07","Sales"
24872,"Oguz","Decaestecker","1953-12-02","1986-12-02","Sales"
25562,"Bernardo","Menhardt","1955-12-30","1986-11-16","Sales"
25644,"Kwangho","Straney","1952-04-10","1985-12-13","Sales"
25992,"Divier","Bugrara","1953-05-05","1985-07-08","Sales"
26682,"Yucai","Baezner","1954-10-24","1987-07-26","Sales"
26833,"Hirochika","Gustavson","1952-10-24","1987-12-13","Sales"
26905,"Fatemeh","Markovitch","1953-01-10","1986-07-29","Sales"
27272,"Kwan","Genin","1955-01-10","1987-12-15","Sales"
27282,"Xiaobin","Bahi","1953-11-11","1988-03-11","Sales"
27365,"Mang","Morris","1953-06-03","1985-02-27","Sales"
27557,"Teunis","Oxman","1953-07-29","1985-10-18","Sales"
27793,"Paraskevi","Merlo","1952-07-10","1986-05-02","Sales"
28282,"Arto","Spelt","1953-10-03","1986-03-21","Sales"
28385,"Filipp","Conia","1952-05-03","1986-07-30","Sales"
28487,"Ziva","Alblas","1955-02-07","1987-03-04","Sales"
28779,"Fayez","Bottner","1953-01-09","1985-02-20","Sales"
28958,"Angel","Wossner","1955-12-28","1988-01-12","Sales"
29120,"Parto","Bergere","1954-06-02","1987-07-15","Sales"
29250,"Radoslaw","Besancenot","1952-08-11","1986-06-26","Sales"
29946,"Shooichi","McClure","1955-08-10","1985-08-15","Sales"
30330,"Caolyn","Nitsch","1953-07-28","1987-06-10","Sales"
30410,"Feiyu","Menyhert","1954-02-04","1986-11-07","Sales"
30425,"Rimli","Akazan","1954-09-30","1988-10-28","Sales"
30601,"Gilbert","Cyne","1953-09-28","1988-03-20","Sales"
30655,"Xuedong","Anandan","1954-03-25","1987-02-05","Sales"
31024,"Xiadong","Ciolek","1953-08-27","1987-04-13","Sales"
31444,"Aris","Hinsberger","1953-06-08","1986-01-08","Sales"
31650,"Neven","Savasere","1952-06-16","1986-06-05","Sales"
32197,"Claude","Highland","1953-10-29","1988-10-21","Sales"
32221,"Pranas","Snedden","1952-09-24","1985-12-19","Sales"
32703,"DeForest","Klyachko","1954-09-26","1987-10-21","Sales"
32776,"Charlene","Bodoff","1953-03-13","1987-06-02","Sales"
32864,"Anyuan","Stifter","1955-11-25","1988-10-07","Sales"
33279,"Arne","Felder","1954-12-03","1988-11-01","Sales"
33631,"Tonny","Ozeri","1954-04-05","1985-05-11","Sales"
33793,"Oldrich","Delgrossi","1952-10-26","1986-07-02","Sales"
33838,"Adit","Ranai","1955-10-25","1986-12-07","Sales"
33852,"Marek","Prochazka","1952-12-17","1986-06-23","Sales"
33969,"Arie","Sadowsky","1955-10-18","1988-07-10","Sales"
34215,"Otilia","Pietrzykowski","1953-02-05","1985-08-05","Sales"
34552,"Souichi","Llado","1955-01-08","1988-04-03","Sales"
34600,"Godehard","Middleton","1955-12-18","1985-11-04","Sales"
34941,"Susanne","Heering","1954-05-04","1986-08-22","Sales"
34960,"Vasilis","Luga","1954-06-19","1985-07-22","Sales"
35012,"Noritoshi","Krybus","1955-06-17","1988-06-27","Sales"
35550,"Van","Hutton","1953-07-03","1987-12-14","Sales"
35647,"Vishv","Pulkowski","1952-07-16","1985-10-16","Sales"
36073,"Shirish","Gire","1954-03-18","1986-10-11","Sales"
36410,"Navin","Steenbeek","1954-06-23","1987-07-16","Sales"
36698,"Aksel","Shackel","1952-06-25","1988-04-08","Sales"
37245,"Along","Gyimothy","1954-09-12","1988-05-24","Sales"
37267,"Itzchak","Falster","1954-08-16","1988-07-04","Sales"
37312,"Arie","Gecsei","1952-08-21","1987-05-25","Sales"
37372,"Dietrich","Peot","1952-09-03","1987-03-06","Sales"
37507,"Kamran","Quittner","1953-10-28","1987-07-05","Sales"
37627,"Jasminko","Ladret","1952-03-23","1988-09-05","Sales"
37814,"Adel","Salvesen","1953-10-02","1986-09-12","Sales"
38204,"Jianwen","Azadmanesh","1952-10-16","1985-10-20","Sales"
38328,"Richard","Muhlberg","1952-09-21","1986-08-24","Sales"
38810,"Pohua","Roccetti","1954-08-22","1986-01-02","Sales"
38878,"Hauke","Champarnaud","1955-02-24","1986-10-09","Sales"
40169,"Remco","Isaac","1955-01-15","1988-06-07","Sales"
40259,"Mana","Hartvigsen","1954-02-22","1987-11-08","Sales"
40685,"Shawna","Bugrara","1954-05-22","1986-04-10","Sales"
41428,"Shai","Bierbaum","1955-05-30","1987-11-14","Sales"
41682,"Alselm","Ecklund","1953-03-30","1985-12-28","Sales"
41772,"Leon","Decaestecker","1954-03-17","1986-05-26","Sales"
41917,"Fumitake","Schlumberger","1953-06-19","1986-03-02","Sales"
42082,"Gritta","Compeau","1955-11-03","1985-04-16","Sales"
42444,"Seongbin","Kobuchi","1954-02-03","1985-03-24","Sales"
42708,"Hitomi","Petereit","1954-04-15","1985-03-03","Sales"
42839,"Remzi","Cannard","1955-01-03","1985-09-10","Sales"
42906,"Sudhanshu","Silva","1954-09-06","1987-05-31","Sales"
42980,"Karoline","Businaro","1952-05-16","1985-03-26","Sales"
43222,"Lenore","Angelopoulos","1953-04-12","1985-05-18","Sales"
43678,"Shawna","Bernick","1954-08-04","1985-07-23","Sales"
44302,"Nishit","Zolotykh","1952-06-08","1986-09-19","Sales"
44366,"Alois","Chinal","1955-03-06","1985-03-20","Sales"
44462,"Sanjai","Rando","1955-07-17","1986-02-07","Sales"
44735,"Weiye","Gurbaxani","1953-08-08","1985-08-22","Sales"
44873,"Eberhardt","Raczkowsky","1955-12-25","1988-09-22","Sales"
44924,"Divier","Azevdeo","1953-08-16","1987-07-21","Sales"
45377,"Temple","Flasterstein","1952-07-14","1986-08-29","Sales"
45895,"Sajjad","Vural","1953-07-27","1988-06-29","Sales"
46484,"Neelam","Rabehasaina","1953-04-25","1987-10-25","Sales"
46853,"Aiichiro","Walston","1952-10-03","1988-07-17","Sales"
46864,"Ferdinand","Sooriamurthi","1953-02-28","1987-03-25","Sales"
46910,"Marsja","Maccarone","1953-02-21","1987-05-18","Sales"
47116,"Oscar","Rosar","1954-03-17","1986-04-26","Sales"
47593,"Christfried","Awdeh","1952-09-10","1988-09-05","Sales"
48044,"Zhonghui","Luga","1953-05-04","1986-03-01","Sales"
48371,"Valery","Krupka","1953-06-17","1987-07-24","Sales"
48403,"Hongzue","Krider","1955-09-01","1985-08-01","Sales"
48436,"Yakkov","Lanteri","1955-07-01","1985-03-27","Sales"
48562,"Tokuyasu","Cmelik","1953-09-19","1987-12-16","Sales"
48641,"Toney","Murtagh","1955-12-10","1985-07-13","Sales"
48757,"Stella","Gecseg","1955-04-11","1985-06-01","Sales"
49202,"Zhaofang","Chiola","1953-05-06","1986-07-21","Sales"
49496,"Jaewoo","Butner","1954-01-09","1987-03-05","Sales"
49599,"Pradeep","Gente","1954-10-03","1987-12-12","Sales"
49811,"Toshiki","Kavanagh","1952-04-09","1986-03-12","Sales"
50002,"Dannz","Gecsel","1952-03-23","1986-04-09","Sales"
50072,"Vincent","Schnabel","1953-12-27","1988-09-09","Sales"
50294,"Arto","Cronan","1953-06-24","1985-12-15","Sales"
50678,"Udaiprakash","Chepyzhov","1954-04-28","1986-04-19","Sales"
50844,"Kousuke","Pocchiola","1955-11-09","1986-10-06","Sales"
50893,"Tayeb","Garrabrants","1955-10-23","1986-07-05","Sales"
51165,"Kazuyasu","Anily","1955-04-18","1987-10-14","Sales"
51792,"Aral","Merkl","1953-12-14","1987-06-26","Sales"
52644,"Geoffrey","Picci","1953-07-07","1988-04-04","Sales"
52867,"Yishay","Lindenbaum","1955-06-17","1987-04-04","Sales"
53059,"Sachin","Impagliazzo","1952-09-08","1987-05-30","Sales"
53090,"Kazuhisa","Furedi","1955-08-16","1986-07-22","Sales"
53871,"Xudong","Hebert","1955-12-13","1987-07-02","Sales"
54105,"Hidefumi","Peck","1952-05-04","1986-09-01","Sales"
54123,"Kien","Bahk","1954-02-03","1985-05-24","Sales"
54746,"Ramzi","Liesche","1953-07-04","1986-11-18","Sales"
56314,"Bowen","Morrey","1953-02-10","1986-09-07","Sales"
56382,"Valery","Bardell","1952-05-06","1985-12-13","Sales"
56527,"Weiwu","Gonthier","1952-08-24","1988-05-14","Sales"
56581,"Zhenbing","Cappello","1955-09-14","1985-05-16","Sales"
56693,"Vesna","Halloran","1954-07-18","1988-06-15","Sales"
56961,"Guoxiang","Peyn","1953-09-17","1985-06-01","Sales"
57040,"Arup","Lagarias","1955-10-21","1985-06-17","Sales"
57110,"Gou","Stellhorn","1952-02-15","1985-05-24","Sales"
57476,"Badri","Staudhammer","1953-07-05","1988-09-30","Sales"
57520,"Serif","Bach","1954-09-04","1987-05-30","Sales"
57596,"Shigehito","Schahn","1954-12-30","1985-12-17","Sales"
58132,"Zdislav","Kawashimo","1954-03-05","1988-06-01","Sales"
58226,"Ayonca","Gill","1954-10-28","1987-03-14","Sales"
58351,"Chenye","Cannard","1954-11-14","1987-09-04","Sales"
58590,"Jayson","Roisin","1954-03-08","1988-05-20","Sales"
58713,"Terresa","Kenevan","1953-12-29","1986-02-06","Sales"
58790,"Peternela","Zockler","1954-01-25","1987-11-26","Sales"
59390,"Patricio","Greibach","1954-11-01","1988-01-19","Sales"
59480,"Giordano","Esteva","1954-02-08","1988-09-15","Sales"
59999,"Piyush","Spataro","1952-02-20","1987-02-21","Sales"
60518,"Ziya","Biran","1953-05-31","1986-10-19","Sales"
60823,"Kazuhiro","Parfitt","1953-07-10","1985-03-07","Sales"
60904,"Tomokazu","Gelosh","1952-04-25","1985-08-01","Sales"
60944,"Renee","Pepe","1952-02-16","1988-08-22","Sales"
60991,"Ung","Murthy","1955-05-02","1985-06-29","Sales"
61626,"Mohit","Dulay","1952-09-17","1988-07-04","Sales"
62900,"Gio","Alencar","1955-02-25","1986-04-16","Sales"
63307,"Sugwoo","Herber","1955-03-27","1988-12-22","Sales"
63438,"Gilbert","Herbst","1954-04-21","1986-08-05","Sales"
63516,"Toshimitsu","Steinauer","1955-11-03","1986-07-30","Sales"
64796,"Xiadong","Auria","1953-01-11","1987-12-22","Sales"
64916,"Mohit","Hmelo","1953-02-13","1986-10-01","Sales"
65173,"Karlis","Binkley","1953-07-26","1986-11-19","Sales"
66687,"Kien","Simmen","1955-11-12","1986-09-20","Sales"
67609,"Poornachandra","Berztiss","1953-02-15","1986-06-12","Sales"
67968,"Christoper","Narahara","1954-12-13","1985-10-25","Sales"
68434,"Nimmagadda","Buescher","1954-08-14","1986-09-15","Sales"
68607,"Xuejia","Zallocco","1954-02-09","1986-04-26","Sales"
68880,"Elvis","Assaf","1953-07-07","1986-09-27","Sales"
69555,"Golgen","Sabnani","1954-10-26","1987-04-04","Sales"
69993,"Anwar","Silva","1952-09-01","1987-09-13","Sales"
70070,"Kerhong","Ellozy","1952-03-07","1986-12-07","Sales"
70071,"Hironoby","Vigier","1954-03-29","1986-05-22","Sales"
70123,"Aloys","Takkinen","1955-01-22","1985-02-25","Sales"
70132,"Gal","Manders","1953-07-31","1986-04-19","Sales"
70782,"Abdulah","Ebeling","1953-07-27","1985-03-29","Sales"
71490,"Yannis","Vieri","1952-08-21","1987-03-17","Sales"
71588,"Junichi","Colorni","1953-12-30","1987-05-13","Sales"
71879,"Ipke","Silva","1955-03-11","1988-07-31","Sales"
71959,"Jianhua","Speer","1952-07-28","1985-11-06","Sales"
72469,"Peternela","Clouatre","1953-03-23","1985-04-22","Sales"
72693,"Zhaofang","Gadepally","1952-07-21","1986-05-30","Sales"
72723,"Arve","Danlos","1954-06-19","1988-06-06","Sales"
72922,"Kristian","DasSarma","1952-12-10","1987-08-16","Sales"
72981,"Chanjung","Imataki","1953-02-03","1988-01-16","Sales"
73006,"Shiv","Schiper","1955-09-24","1987-03-18","Sales"
73320,"Bowen","Biran","1953-04-29","1988-07-06","Sales"
73497,"Sibyl","Huhdanpaa","1955-05-21","1986-01-25","Sales"
73548,"Margareta","Pena","1954-06-03","1985-11-15","Sales"
73972,"Makato","Biron","1953-06-19","1985-09-18","Sales"
74154,"Oscar","Foong","1952-02-20","1985-04-28","Sales"
74262,"Yongdong","Demri","1953-04-17","1985-06-22","Sales"
74542,"Adin","Naumovich","1954-05-12","1988-06-20","Sales"
74779,"Beshir","Thibadeau","1952-05-08","1985-02-27","Sales"
75114,"Lillian","Ladret","1952-09-28","1986-06-20","Sales"
75186,"Filipp","Miyakawa","1952-08-18","1988-06-15","Sales"
75530,"Martial","Beutelspacher","1953-12-12","1988-06-22","Sales"
76225,"Dinkar","Zumaque","1955-04-15","1986-09-23","Sales"
77980,"Yongmin","Sidje","1953-01-30","1988-10-16","Sales"
78524,"Zhiwei","Bahk","1954-05-08","1988-08-11","Sales"
79765,"Gonzalo","Danecki","1952-12-18","1985-10-14","Sales"
80270,"Fen","Jonsson","1955-02-17","1988-10-15","Sales"
80937,"Chikako","Jiang","1955-07-09","1985-08-09","Sales"
81303,"Ghassan","Berstel","1953-12-10","1987-04-10","Sales"
81527,"Arnd","Bouloucos","1955-09-01","1985-07-09","Sales"
82324,"Ashish","Knightly","1953-09-25","1986-04-12","Sales"
82458,"Barun","Peres","1954-03-30","1987-11-23","Sales"
82614,"Hiroyasu","Segond","1952-06-01","1986-12-05","Sales"
82677,"Adil","Decaestecker","1953-08-21","1985-06-26","Sales"
83468,"Charlene","Beilner","1955-11-18","1985-07-05","Sales"
83574,"Gonzalo","Masamoto","1953-08-31","1985-10-10","Sales"
83778,"Premsyl","Nitto","1953-05-16","1985-02-03","Sales"
85110,"Volkmar","Maquelin","1954-06-25","1988-10-06","Sales"
85489,"Adas","Zwicker","1953-02-27","1988-09-12","Sales"
85796,"Honglan","Boissier","1955-08-23","1986-04-15","Sales"
85988,"Aiichiro","Brlek","1952-05-19","1985-06-06","Sales"
86403,"Arto","Vickson","1955-09-23","1985-02-18","Sales"
86654,"Jeane","Taubenfeld","1952-03-18","1986-03-28","Sales"
86754,"Guadalupe","Vigier","1955-11-29","1987-05-08","Sales"
86824,"Constantine","Motley","1954-07-08","1987-12-13","Sales"
86831,"KayLiang","Nanard","1953-06-16","1987-05-03","Sales"
87372,"Maren","Stellhorn","1955-05-27","1985-08-13","Sales"
87852,"Nikolaos","Pokrovskii","1955-06-19","1986-02-08","Sales"
88032,"Urs","Serra","1955-05-16","1986-11-19","Sales"
88401,"Evgueni","Eiter","1954-06-23","1988-03-26","Sales"
88629,"Mayuko","Acton","1952-06-26","1986-12-01","Sales"
89275,"Menkae","Jonsson","1952-10-31","1985-09-21","Sales"
89573,"Ute","Varley","1952-10-12","1988-08-22","Sales"
90497,"Radoslaw","Dulin","1953-03-09","1988-10-30","Sales"
90936,"Xinglin","Yavatkar","1953-03-24","1987-11-25","Sales"
91080,"Parviz","Skogmar","1952-03-05","1987-03-03","Sales"
91113,"Goncalo","Begiun","1953-06-28","1988-12-10","Sales"
91139,"Gererd","Quittner","1954-04-14","1985-10-30","Sales"
91325,"Phillip","Beutelspacher","1953-07-02","1986-11-10","Sales"
92592,"Kirk","Lorho","1954-04-11","1988-06-13","Sales"
93203,"Danel","Zizka","1953-12-24","1988-02-18","Sales"
93302,"Mohammad","Porenta","1954-06-23","1988-02-15","Sales"
93329,"Shirish","Anily","1952-04-19","1987-05-06","Sales"
93366,"Heejo","Schach","1952-10-15","1987-03-08","Sales"
93404,"Shuzo","Willoner","1953-09-17","1988-09-15","Sales"
93611,"Mizuhito","Gronowski","1955-02-28","1988-02-12","Sales"
93662,"Mong","Marwedel","1953-03-30","1988-01-07","Sales"
94833,"Miyeon","Kleiser","1952-09-12","1985-04-01","Sales"
95366,"Hyuncheol","Gadepally","1954-06-21","1985-08-01","Sales"
95902,"Adin","Mikschl","1954-05-30","1985-04-20","Sales"
96648,"Josyula","Perez","1953-01-21","1985-10-05","Sales"
96846,"Tran","Merel","1954-02-06","1985-12-03","Sales"
96958,"Shaowen","Shihab","1953-02-14","1985-05-20","Sales"
96969,"Chinhyun","Fraisse","1955-10-08","1985-06-22","Sales"
97745,"Aleksandar","Heijenga","1954-03-26","1986-08-10","Sales"
97781,"Divine","Neimat","1955-01-23","1987-06-23","Sales"
98958,"Jaideep","Denos","1955-08-03","1986-05-26","Sales"
99296,"Jaewoo","Kushner","1954-05-27","1986-11-07","Sales"
99400,"Hitomi","Decaestecker","1953-04-25","1985-09-20","Sales"
99438,"Vidar","Prochazka","1954-09-16","1988-04-20","Sales"
99443,"Zita","Woycyznski","1952-04-14","1988-11-10","Sales"
99481,"Arnd","Akaboshi","1953-03-29","1987-10-17","Sales"
99643,"Beshir","Babu","1954-10-16","1985-05-03","Sales"
99681,"Henk","Tramer","1953-06-29","1985-07-17","Sales"
100436,"Subhankar","Gini","1952-08-21","1986-02-04","Sales"
100513,"Kenroku","Walston","1954-08-17","1988-07-23","Sales"
101414,"Xiaoheng","DasSarma","1953-03-26","1987-05-08","Sales"
101445,"Remzi","Dehkordi","1953-04-13","1988-09-27","Sales"
101628,"Sudharsan","Bardell","1953-12-10","1988-12-13","Sales"
101785,"Noritoshi","Katalagarianos","1954-12-09","1988-08-22","Sales"
102962,"Chirstian","Kobara","1954-02-27","1985-09-24","Sales"
103398,"Nikolaos","Schreiter","1955-09-14","1985-11-09","Sales"
103898,"Saeed","Rosin","1952-08-01","1987-10-05","Sales"
104312,"Suzette","Hettesheimer","1952-10-18","1985-06-26","Sales"
104536,"Shooichi","Ernst","1954-08-28","1985-05-10","Sales"
104858,"Jiong","Isaak","1952-10-28","1985-04-28","Sales"
104931,"Kristin","Delaune","1955-05-18","1985-04-25","Sales"
105595,"Gino","Hmelo","1953-07-23","1988-11-28","Sales"
105766,"Boutros","Callaway","1952-11-18","1988-05-31","Sales"
105921,"Willard","Gubsky","1955-04-11","1986-01-31","Sales"
105934,"Gor","Langford","1952-03-20","1986-03-03","Sales"
106049,"Tran","Zhang","1953-08-07","1986-04-02","Sales"
106447,"Tadanori","Herber","1955-02-20","1986-05-06","Sales"
106630,"Vojin","Maliniak","1953-07-24","1987-05-02","Sales"
107257,"Rosine","Czaja","1952-10-27","1985-04-21","Sales"
107693,"Kenton","Bharadwaj","1954-03-12","1986-07-03","Sales"
107924,"Achilleas","Georgakopoulos","1953-06-05","1987-11-10","Sales"
108367,"Rimon","Rouquie","1954-09-02","1985-02-10","Sales"
108541,"Jordanka","Mapelli","1953-09-04","1985-06-11","Sales"
108891,"Bikash","Chiodo","1955-09-08","1986-08-14","Sales"
109496,"Mariusz","Esposito","1953-06-18","1986-02-26","Sales"
200289,"Thodoros","Schurmann","1953-09-23","1987-06-17","Sales"
200455,"Aksel","Businaro","1953-07-09","1986-01-24","Sales"
200658,"Nathan","Gire","1954-10-06","1986-07-31","Sales"
200722,"Nahla","Delgrande","1952-07-19","1987-04-16","Sales"
201306,"Mani","Landherr","1953-04-10","1988-05-05","Sales"
201309,"Mandell","Rosiles","1955-01-20","1987-03-18","Sales"
201426,"Garnet","Sudkamp","1954-01-03","1988-10-30","Sales"
201878,"Mani","Binding","1955-01-08","1985-12-28","Sales"
202013,"Tremaine","Luders","1954-12-11","1986-10-05","Sales"
202223,"Marit","Waschkowski","1953-09-21","1985-04-21","Sales"
202372,"Bernardo","Msuda","1954-10-20","1987-07-25","Sales"
203171,"Marla","Angiulli","1953-08-14","1985-10-07","Sales"
203216,"Seongbin","Hofman","1952-11-22","1988-10-12","Sales"
203578,"Vojin","Codenie","1954-09-25","1986-02-06","Sales"
203595,"Aria","Ariola","1954-06-11","1987-11-19","Sales"
204090,"Brigham","Collette","1954-08-04","1985-09-05","Sales"
204287,"Rayond","Rande","1955-09-01","1986-03-23","Sales"
204757,"Kensei","Vigier","1952-08-01","1986-09-13","Sales"
204919,"Nakhoon","Kavvadias","1952-07-14","1987-01-30","Sales"
205251,"Fai","Mullainathan","1955-08-02","1987-01-24","Sales"
205736,"Hilary","Thisen","1952-04-20","1987-08-17","Sales"
206744,"Kenton","Radivojevic","1955-09-11","1988-06-11","Sales"
207416,"Gaurav","Kuhnemann","1954-10-08","1987-03-19","Sales"
207679,"Vasilis","Rosti","1955-06-22","1985-03-18","Sales"
208531,"Dmitry","Peyn","1953-05-03","1987-09-24","Sales"
208612,"Eckart","McDermid","1954-10-16","1985-04-23","Sales"
208689,"Hideo","Barvinok","1952-10-10","1986-06-16","Sales"
208742,"Heather","Ruther","1954-12-29","1988-01-03","Sales"
208766,"Masadi","Ashish","1955-04-23","1988-01-02","Sales"
209015,"Xumin","Bharadwaj","1952-11-04","1985-04-01","Sales"
209187,"Shigeaki","Usery","1954-09-06","1987-05-12","Sales"
209260,"Maya","Ouhyoung","1955-06-18","1988-01-14","Sales"
210016,"Qingxiang","Fendler","1954-10-01","1986-06-12","Sales"
210042,"Alejandra","Hitomi","1952-12-08","1987-10-08","Sales"
210080,"Premal","Perl","1955-04-18","1987-04-22","Sales"
210431,"Giao","Diderrich","1952-11-19","1988-03-03","Sales"
211430,"Udo","Gyimothy","1955-03-30","1986-11-13","Sales"
211492,"Arch","Openshaw","1954-12-31","1985-08-12","Sales"
212307,"Leni","Kirkerud","1955-07-22","1988-04-05","Sales"
212365,"Leon","Champarnaud","1954-02-15","1986-10-25","Sales"
213039,"Oldrich","Docker","1953-06-13","1986-10-13","Sales"
213801,"Aruna","Alameldin","1955-09-12","1985-02-16","Sales"
213839,"Danny","Kakkar","1955-02-03","1986-08-16","Sales"
213944,"Goetz","Bondorf","1953-06-04","1987-04-07","Sales"
214204,"Alexius","Glowinski","1952-10-15","1986-07-10","Sales"
214252,"Katsuo","Granlund","1955-02-13","1985-08-29","Sales"
214970,"Arfst","Belinskaya","1952-09-27","1986-09-04","Sales"
215282,"Panayotis","Stasinski","1953-06-04","1986-05-06","Sales"
215783,"Sverrir","Prochazka","1952-07-15","1986-02-26","Sales"
216668,"Kellie","Rodite","1952-09-27","1985-04-26","Sales"
216809,"Moni","Winter","1953-05-23","1987-07-08","Sales"
217023,"Shay","Pleszkun","1954-02-16","1986-12-30","Sales"
217070,"Aksel","Gargeya","1953-07-02","1985-04-24","Sales"
217336,"Jungsoon","Usdin","1955-01-27","1988-04-09","Sales"
217574,"Roded","Gelosh","1952-09-14","1988-08-11","Sales"
217649,"Lidong","Potthoff","1955-04-01","1985-04-21","Sales"
217780,"Irene","Schreiter","1954-02-12","1988-01-11","Sales"
217824,"Tomofumi","Ranai","1955-08-26","1985-11-17","Sales"
218051,"Seongbin","Czap","1955-03-19","1986-08-02","Sales"
218217,"Wuxu","Bernick","1955-05-31","1985-03-20","Sales"
218592,"Shalesh","McDermid","1952-12-02","1985-12-25","Sales"
218634,"Mori","Zobel","1952-07-17","1986-03-02","Sales"
219017,"Atilio","Cangellaris","1953-01-20","1987-02-01","Sales"
219761,"Moss","Lupu","1952-10-15","1987-10-14","Sales"
219994,"Akemi","Broomell","1955-10-28","1988-04-06","Sales"
220004,"Erzsebet","Karnin","1953-05-16","1986-05-03","Sales"
220184,"Mahendra","Emiris","1955-07-26","1986-07-24","Sales"
220323,"Tomoyuki","Hainaut","1953-04-29","1985-11-15","Sales"
220642,"Cathie","Srimani","1952-02-24","1988-05-16","Sales"
221223,"Mariangiola","Vandervoorde","1954-03-23","1986-08-24","Sales"
221824,"Parviz","Orsini","1955-05-12","1986-10-08","Sales"
221881,"Subhash","Cyne","1953-02-18","1985-04-22","Sales"
221882,"Sahrah","Aloia","1955-12-14","1987-02-20","Sales"
222019,"Kristian","Edelhoff","1953-05-31","1987-08-31","Sales"
222799,"Morrie","Doering","1952-12-16","1987-09-12","Sales"
223501,"Gennady","Cappelletti","1955-07-06","1986-05-19","Sales"
223872,"Supot","Penttonen","1954-02-11","1986-11-29","Sales"
224498,"Mary","Khalil","1955-06-24","1986-05-13","Sales"
224776,"Thanasis","Salinas","1954-12-05","1986-09-24","Sales"
225323,"Morrie","Sidhu","1955-01-18","1985-02-24","Sales"
225515,"Jenwei","Herber","1954-09-22","1988-12-11","Sales"
225518,"Owen","Zyda","1953-05-25","1986-02-04","Sales"
225931,"Duke","Ranon","1953-06-16","1988-12-12","Sales"
226270,"Uwe","Honiden","1955-03-17","1986-01-22","Sales"
226708,"Bikash","Zedlitz","1955-09-30","1986-11-29","Sales"
226878,"Abdulah","Furedi","1955-09-19","1988-10-22","Sales"
227005,"Xiaoqiu","Nitsche","1952-12-06","1988-07-29","Sales"
227440,"Zine","Angot","1953-08-28","1985-11-11","Sales"
227465,"Bartek","Ducloy","1955-07-08","1985-05-03","Sales"
227695,"Saeed","DasSarma","1953-04-23","1988-10-14","Sales"
227783,"Xiping","Constantine","1953-08-12","1987-10-02","Sales"
227792,"Woody","Ponthieu","1954-11-19","1987-10-02","Sales"
228142,"Vojin","Talmor","1954-07-02","1987-03-31","Sales"
228320,"Wonhee","Murrill","1953-10-29","1988-10-15","Sales"
228587,"Katsuo","Basagni","1955-03-22","1988-06-20","Sales"
229163,"Susuma","Wroclawski","1952-11-20","1987-02-14","Sales"
229423,"Stafford","Murtafg","1955-03-19","1985-05-07","Sales"
229481,"Shimshon","Conti","1955-05-23","1985-04-13","Sales"
230480,"Udo","Bernini","1954-12-15","1985-08-25","Sales"
230610,"Stepehn","Veevers","1954-07-31","1987-11-05","Sales"
230801,"Giao","Engberts","1952-10-20","1988-10-22","Sales"
231057,"Ziyad","Bhattacharjee","1954-08-30","1985-11-12","Sales"
231151,"Jessie","Varman","1953-07-13","1987-11-06","Sales"
231163,"Emran","Dechter","1952-07-05","1988-02-01","Sales"
231410,"Persi","Sidou","1954-11-16","1986-11-05","Sales"
231654,"Rasiah","Vidal","1955-01-20","1988-01-25","Sales"
232204,"Mamdouh","Zastre","1952-04-17","1987-09-08","Sales"
232313,"Raimond","Schiettecatte","1955-04-27","1987-04-29","Sales"
232686,"Kazuhiko","Akiyama","1955-03-05","1985-05-30","Sales"
233136,"Kauko","Ruther","1955-04-05","1986-03-08","Sales"
233222,"Kwangjo","Bugrara","1953-07-31","1985-08-31","Sales"
233257,"Mikhail","Waeselynck","1952-12-15","1985-03-29","Sales"
233388,"Aluzio","Wendorf","1954-02-14","1987-09-24","Sales"
233613,"Nigel","Masand","1952-12-31","1985-04-07","Sales"
233966,"Shimshon","Albarhamtoshy","1955-08-25","1985-07-30","Sales"
234253,"Subhash","Staylopatis","1955-11-27","1985-04-28","Sales"
234311,"Fusako","Haddadi","1952-08-07","1986-11-21","Sales"
234777,"Hitofumi","Badache","1954-01-02","1987-12-14","Sales"
234918,"Kannan","Khalil","1954-08-05","1988-01-21","Sales"
235271,"Gregory","Azuma","1952-02-15","1985-08-20","Sales"
235377,"Guther","Kusalik","1953-06-14","1986-01-03","Sales"
236041,"Girolamo","Nergos","1955-01-20","1986-08-13","Sales"
236910,"Jordanka","Orsini","1952-11-26","1988-04-04","Sales"
237393,"Limsoon","Penttonen","1955-04-29","1987-02-28","Sales"
238049,"Subhrajyoti","Undy","1954-09-02","1988-06-12","Sales"
238159,"Toshiki","Schicker","1955-09-15","1985-12-26","Sales"
238475,"Fox","Jarecki","1952-11-16","1986-11-13","Sales"
238669,"Masako","Rosenbaum","1955-11-01","1985-03-29","Sales"
238964,"Zorica","Baca","1952-12-14","1986-07-04","Sales"
239108,"Shigehito","Thombley","1954-10-22","1985-05-08","Sales"
239365,"Hsiangchu","Bratten","1954-08-16","1987-03-14","Sales"
239598,"Taiji","Rosch","1952-11-10","1985-07-07","Sales"
239786,"Mang","Lamparter","1955-06-10","1986-07-08","Sales"
240696,"Boutros","Velardi","1955-07-23","1985-02-05","Sales"
240797,"Harngdar","Hofmeyr","1954-02-01","1987-08-15","Sales"
240928,"Shahaf","Unni","1955-07-25","1986-02-08","Sales"
241123,"Tomoyuki","Jonsson","1954-02-23","1986-10-13","Sales"
241623,"Fumitaka","Knightly","1952-09-21","1985-10-09","Sales"
242227,"Jouni","Dahlbom","1955-01-25","1986-11-13","Sales"
242781,"Aris","Jarecki","1955-09-28","1987-06-03","Sales"
243184,"Hilari","Zongker","1952-06-20","1986-12-14","Sales"
243215,"Yakichi","Bain","1955-05-16","1988-12-22","Sales"
243478,"Ekawit","DasSarma","1955-06-13","1985-07-09","Sales"
243595,"Yonghong","Strooper","1955-07-12","1987-10-11","Sales"
243656,"Leon","Haumacher","1955-06-12","1988-02-20","Sales"
243689,"Koichi","Neiman","1952-06-11","1985-05-19","Sales"
243785,"Takahiro","Veldwijk","1952-05-19","1988-02-22","Sales"
243955,"Marjo","Marchegay","1955-07-10","1988-06-03","Sales"
244188,"Yuping","Lanteri","1952-05-26","1988-08-11","Sales"
244847,"Tetsushi","Maierhofer","1955-11-15","1985-11-01","Sales"
245052,"Martina","Gruenwald","1954-02-18","1987-03-30","Sales"
245180,"Zorica","Hoppenstand","1953-10-30","1987-04-11","Sales"
245318,"Ronnie","Bugaenko","1952-05-09","1987-05-15","Sales"
245584,"Hidefumi","Hofstetter","1954-04-30","1985-05-12","Sales"
245805,"Shaz","Perry","1954-03-21","1985-12-31","Sales"
246559,"Gian","Rissanen","1955-06-15","1988-02-29","Sales"
246756,"Suvo","Schwartzburd","1955-01-03","1988-05-18","Sales"
246783,"Sariel","Garigliano","1955-05-29","1987-07-14","Sales"
246919,"Menkae","Perin","1953-06-02","1988-05-13","Sales"
247230,"Kasturi","Nollmann","1954-09-19","1987-02-17","Sales"
247312,"Atreyi","Parfitt","1953-06-05","1987-02-22","Sales"
247714,"Vivian","Swist","1955-12-27","1988-02-21","Sales"
247968,"Pintsang","Zweizig","1953-05-29","1988-10-04","Sales"
248544,"Basim","Murrill","1954-10-19","1985-10-20","Sales"
248710,"Fabrizio","Hockney","1955-04-17","1987-10-08","Sales"
248957,"Tomokazu","Peyn","1954-02-22","1987-08-16","Sales"
249411,"Kwan","Gulik","1955-08-30","1986-03-27","Sales"
249663,"Xuedong","Braccini","1954-08-23","1987-05-04","Sales"
250006,"Deborah","Spataro","1955-09-27","1986-12-09","Sales"
250060,"Ghassan","Kalsbeek","1953-10-06","1987-09-05","Sales"
250068,"Kyoichi","Ghemri","1952-06-11","1988-01-07","Sales"
250496,"Alper","Gyorkos","1953-12-17","1987-04-12","Sales"
250612,"Hidekazu","Backhouse","1954-10-31","1986-10-01","Sales"
250700,"Susumu","Hutter","1954-12-01","1985-04-09","Sales"
252371,"Basil","Montemayor","1953-12-14","1988-07-20","Sales"
253266,"Perry","Luft","1953-11-29","1985-09-22","Sales"
254292,"Pranas","Eppinger","1952-09-16","1985-08-08","Sales"
254408,"Kiyokazu","Pleszkun","1955-10-12","1988-01-15","Sales"
254925,"Sukumar","Kobara","1954-02-08","1985-04-11","Sales"
255087,"Gererd","Milicic","1954-01-11","1985-11-15","Sales"
256057,"Shem","Khamsi","1954-09-14","1986-05-19","Sales"
256466,"Constantine","Brodie","1953-07-04","1986-08-09","Sales"
257051,"Remzi","Norsworthy","1954-04-01","1988-07-28","Sales"
258397,"Diederik","Khasidashvili","1953-07-29","1985-06-19","Sales"
258491,"Baziley","Vingron","1953-03-12","1988-03-07","Sales"
258955,"Serenella","Pollock","1955-12-27","1986-01-23","Sales"
259103,"Shir","Valiente","1954-02-13","1986-12-06","Sales"
259160,"Marsha","Badr","1955-11-30","1987-07-30","Sales"
259506,"Geraldo","Scharstein","1955-06-09","1985-03-06","Sales"
260011,"Rosalie","Falck","1953-06-07","1986-07-11","Sales"
260895,"Prasadram","Templeman","1954-08-01","1986-06-23","Sales"
260949,"Sudharsan","Oberman","1952-12-09","1985-05-04","Sales"
261136,"Vishv","Joslin","1955-05-13","1987-05-03","Sales"
261569,"Thodoros","Albarhamtoshy","1952-02-14","1987-05-07","Sales"
261801,"Van","Kinley","1953-04-20","1988-06-06","Sales"
261894,"Nechama","Versino","1955-08-19","1988-05-15","Sales"
262006,"Steve","Sherertz","1952-02-19","1987-10-06","Sales"
262216,"Ennio","Auria","1955-08-10","1985-02-09","Sales"
263525,"Reinhard","Baek","1955-09-14","1985-02-19","Sales"
263985,"Tiina","Stifter","1953-11-30","1988-07-17","Sales"
264019,"Ulises","Barreiro","1955-11-23","1986-01-24","Sales"
264039,"Oscar","Smeets","1952-07-16","1986-11-18","Sales"
264086,"Aris","Deverell","1953-03-28","1985-10-05","Sales"
264929,"Yuichiro","Esteva","1952-02-22","1988-02-29","Sales"
265435,"Aleksander","Garnham","1953-03-21","1987-02-01","Sales"
265981,"Taegyun","Georg","1954-02-20","1985-02-11","Sales"
266828,"Lobel","Curless","1953-07-07","1985-09-06","Sales"
267094,"Ymte","Kaelbling","1953-03-17","1986-01-25","Sales"
267328,"Marsja","Luders","1955-11-06","1985-03-16","Sales"
267375,"Koichi","Birdsall","1952-04-05","1987-06-03","Sales"
267807,"Weiye","Harnett","1955-02-19","1986-10-19","Sales"
267808,"Yahiko","Whitcomb","1952-02-27","1987-02-13","Sales"
268354,"Temple","Gist","1955-05-31","1986-11-24","Sales"
268880,"Mary","Strooper","1952-12-03","1985-04-14","Sales"
269000,"Tadanori","Krybus","1952-12-12","1988-02-24","Sales"
269019,"Vasiliy","Mundy","1954-11-23","1987-07-19","Sales"
269205,"Fumitake","Junet","1955-06-16","1985-09-27","Sales"
269216,"Weijing","Zweizig","1955-02-10","1987-05-12","Sales"
269501,"Udi","Delaune","1953-01-31","1986-03-04","Sales"
269706,"Berni","Wissmann","1955-09-18","1985-11-13","Sales"
269873,"Hidekazu","Danner","1955-09-28","1988-03-22","Sales"
269918,"Stella","Pelc","1955-11-28","1988-11-26","Sales"
270130,"Kayoko","Ashish","1953-09-10","1988-09-22","Sales"
270721,"Margo","Luby","1955-06-14","1985-10-21","Sales"
270795,"Domenico","Diderrich","1954-06-17","1985-08-19","Sales"
270888,"Dannz","Rodham","1955-07-03","1988-04-25","Sales"
270898,"Arno","Tanemo","1955-04-02","1987-08-01","Sales"
271190,"Pradeep","Genther","1952-11-05","1986-11-25","Sales"
271429,"Mostafa","Gustavson","1954-11-13","1987-02-28","Sales"
272188,"Vasilii","Luck","1955-04-13","1988-12-13","Sales"
272400,"Nishit","Andreotta","1954-04-25","1988-12-03","Sales"
272463,"Constantijn","Ranka","1953-08-16","1986-12-20","Sales"
272848,"Kazuhira","Silva","1953-02-23","1985-03-07","Sales"
273778,"Maik","Landherr","1953-04-22","1985-03-06","Sales"
274785,"Sandeepan","Krohn","1955-07-07","1987-03-07","Sales"
274856,"Fayez","Weedman","1952-02-28","1986-11-28","Sales"
275386,"Parke","Lortz","1953-05-27","1985-06-19","Sales"
275533,"Takanari","Muhling","1955-09-06","1985-05-28","Sales"
276451,"Xiaoqiu","Riefers","1952-08-02","1988-10-13","Sales"
277235,"Ayakannu","Ashish","1952-06-11","1988-05-10","Sales"
277473,"Petter","Azevdeo","1953-12-30","1987-03-13","Sales"
277612,"Lokesh","Flowers","1952-03-28","1986-05-27","Sales"
277745,"Fay","Suppi","1953-12-15","1988-07-25","Sales"
277965,"Luigi","Murillo","1954-09-19","1987-08-30","Sales"
278215,"Ottavia","Zaccaria","1953-09-15","1987-08-04","Sales"
278232,"Krassimir","Sanella","1954-08-15","1986-04-04","Sales"
279541,"Tsutomu","Felder","1955-02-27","1987-10-14","Sales"
279661,"Xiadong","Bach","1954-03-09","1986-04-29","Sales"
279829,"Iara","Stille","1954-03-25","1988-12-04","Sales"
280717,"Aiman","Range","1955-07-24","1988-09-27","Sales"
281345,"Giordano","Beetstra","1952-10-12","1988-01-12","Sales"
281520,"Jeanna","Wrigley","1952-05-06","1987-09-15","Sales"
282347,"Shuky","Radivojevic","1955-02-06","1987-01-23","Sales"
282501,"Kristinn","Rande","1952-09-29","1986-11-29","Sales"
282753,"Tonia","Ghandeharizadeh","1954-10-11","1987-04-03","Sales"
282916,"Barton","Maraist","1953-01-31","1988-06-05","Sales"
283289,"Yechezkel","Akaboshi","1953-01-01","1988-01-29","Sales"
283428,"Ramachenga","Peot","1953-02-24","1987-06-25","Sales"
283496,"Kenroku","Flasterstein","1952-07-02","1985-08-09","Sales"
283871,"Geraldo","Porotnikoff","1954-10-08","1987-07-06","Sales"
284195,"Mona","Bouloucos","1955-07-17","1987-02-13","Sales"
284712,"Ayakannu","Rindone","1953-07-10","1986-09-06","Sales"
284947,"Martial","Vidal","1954-12-11","1986-08-14","Sales"
285470,"Gill","Turnbull","1955-12-04","1985-09-25","Sales"
285559,"Sanjai","Boguraev","1955-11-22","1986-12-16","Sales"
286418,"Tomokazu","Daescu","1952-03-14","1987-06-25","Sales"
286467,"Ult","Molberg","1954-12-04","1988-06-21","Sales"
286795,"Tayeb","Luca","1953-04-24","1987-08-06","Sales"
286875,"Freyja","Wielonsky","1954-07-12","1988-09-13","Sales"
287293,"Gao","Rosch","1954-05-16","1986-07-01","Sales"
287931,"Sariel","Tsukuda","1953-08-22","1986-01-29","Sales"
288452,"Aria","Wrigley","1952-10-17","1985-04-16","Sales"
288776,"Akeno","Baca","1953-10-08","1985-03-28","Sales"
288812,"Cristinel","Deverell","1953-07-19","1987-09-12","Sales"
288840,"Pohua","Christ","1953-06-06","1988-04-07","Sales"
288847,"Guenter","Kalafatis","1955-02-15","1986-08-25","Sales"
288973,"Xinyu","Kaiser","1955-01-22","1987-08-07","Sales"
289389,"Adhemar","Suomi","1954-10-17","1985-03-26","Sales"
289419,"Kenroku","Ozeri","1954-09-23","1986-06-17","Sales"
289619,"Jiafu","Mundy","1955-11-11","1986-05-28","Sales"
290436,"Chenxi","Karlin","1955-02-18","1988-03-05","Sales"
290537,"Mabo","Erbe","1952-08-06","1988-03-13","Sales"
290732,"Shen","Usery","1955-04-22","1985-11-21","Sales"
290913,"Tse","Lieberherr","1953-05-15","1985-12-12","Sales"
291323,"Ghassan","Maksimenko","1953-12-03","1985-12-25","Sales"
291330,"Mona","Ligten","1953-01-09","1986-03-16","Sales"
291421,"Eirik","Carrere","1953-10-01","1987-04-26","Sales"
291805,"Hyuncheol","Munke","1953-12-19","1986-04-04","Sales"
291861,"Ramya","Worfolk","1953-04-08","1986-04-24","Sales"
291892,"Babette","Nollmann","1953-10-17","1987-09-12","Sales"
292083,"Kayoko","McFarlan","1954-10-01","1988-10-28","Sales"
292173,"Volkmar","Preusig","1955-09-08","1988-05-10","Sales"
293934,"Kerryn","Heusch","1953-07-31","1987-10-19","Sales"
294240,"Poornachandra","Ressouche","1955-05-09","1988-06-18","Sales"
294332,"Adit","Ranft","1954-01-12","1987-02-17","Sales"
294970,"Peer","Rosay","1955-06-26","1985-08-29","Sales"
295027,"Zeljko","Karner","1952-06-19","1986-03-06","Sales"
295483,"Deborah","Raoux","1954-03-19","1987-09-22","Sales"
297281,"Hidekazu","Terekhov","1953-12-13","1988-03-18","Sales"
297740,"Dhritiman","Masamoto","1954-08-19","1985-02-06","Sales"
297908,"Hinrich","Peha","1952-06-10","1987-05-11","Sales"
298077,"Marek","Berztiss","1955-04-18","1985-10-03","Sales"
298090,"Otilia","Pelc","1952-08-03","1986-04-05","Sales"
298794,"Mohit","Rothe","1953-11-30","1986-05-22","Sales"
299304,"Geoffry","Khalid","1953-01-29","1987-03-12","Sales"
299401,"Gian","Bolsens","1953-10-13","1987-05-13","Sales"
299601,"Keung","Hanabata","1952-06-03","1987-01-22","Sales"
299642,"Chaosheng","Bratsberg","1953-11-11","1986-04-05","Sales"
299796,"Duro","Reinhart","1952-11-11","1987-12-10","Sales"
299909,"Narain","Gunderson","1952-09-09","1985-07-17","Sales"
400355,"Nathalie","Peek","1954-12-24","1988-06-14","Sales"
400497,"Shigeaki","Schaar","1954-08-14","1987-12-12","Sales"
400522,"Tsutomu","Lenart","1954-02-26","1987-02-27","Sales"
401583,"Lucian","Gips","1954-11-24","1987-01-12","Sales"
401897,"Hauke","Collette","1954-06-13","1985-12-05","Sales"
402900,"LiMin","Choobineh","1955-11-02","1988-11-28","Sales"
403469,"Moon","Poehlman","1953-09-03","1988-10-14","Sales"
403836,"Heng","Syrotiuk","1953-12-09","1987-09-27","Sales"
403959,"Aleksander","Androutsos","1952-02-28","1988-04-06","Sales"
404029,"Yinlin","Zizka","1954-09-21","1987-08-02","Sales"
404055,"Weiru","Belinskaya","1954-03-10","1987-06-18","Sales"
404302,"Miomir","Baar","1953-08-22","1986-07-25","Sales"
404996,"Gay","Baig","1955-11-25","1986-09-16","Sales"
405092,"Yonghong","Hutton","1954-10-31","1988-06-04","Sales"
405227,"Yannis","Heijenga","1952-12-23","1987-11-15","Sales"
405403,"Vojin","Pusterhofer","1952-05-12","1987-01-19","Sales"
405705,"Mitchel","Gruenwald","1952-07-02","1987-03-08","Sales"
405714,"Geoffry","Hofting","1952-06-06","1985-05-29","Sales"
405833,"Sudhanshu","Kampfer","1953-08-08","1985-10-18","Sales"
405865,"Naftali","Deville","1952-09-13","1987-10-07","Sales"
406289,"Aral","Kuzuoka","1952-04-08","1987-07-19","Sales"
406293,"Rosita","Gurbaxani","1955-05-06","1988-08-29","Sales"
406516,"Juyoung","Lamba","1953-06-14","1986-10-29","Sales"
406587,"Xuejia","Anick","1955-07-26","1985-06-24","Sales"
406980,"Jacopo","Panangaden","1955-08-12","1987-02-15","Sales"
407821,"Mabo","Famili","1953-06-05","1985-04-04","Sales"
408324,"Shigehito","Argence","1952-02-12","1985-06-09","Sales"
408354,"Bowen","Pappas","1952-11-20","1987-04-02","Sales"
408771,"Chanjung","Munro","1954-10-15","1986-12-20","Sales"
409153,"Arie","Backhouse","1953-10-23","1987-05-06","Sales"
409274,"Jacqueline","Carrera","1952-03-21","1985-08-25","Sales"
410255,"Somnath","Anguita","1954-03-26","1987-02-23","Sales"
411643,"Kankanahalli","Billawala","1953-11-16","1986-05-07","Sales"
411863,"Eberhardt","Dratva","1955-01-01","1985-07-10","Sales"
411900,"Mari","Wynblatt","1954-12-03","1986-07-28","Sales"
411962,"Tooru","Murillo","1954-08-04","1985-04-24","Sales"
412164,"Slavian","Merro","1955-09-14","1987-12-04","Sales"
412166,"Vesna","Hitomi","1954-04-11","1986-08-11","Sales"
412319,"Kazuhito","Ibel","1953-01-26","1985-06-08","Sales"
412655,"Yuqun","Gniady","1953-10-01","1987-12-06","Sales"
412674,"Tristan","Chaudhury","1954-08-15","1988-02-01","Sales"
412737,"Pantung","Beilner","1955-11-14","1986-10-12","Sales"
413184,"Moon","Asmuth","1953-02-27","1985-09-15","Sales"
413496,"Naftaly","Acton","1952-06-05","1988-08-11","Sales"
414645,"Mingzeng","Boguraev","1954-10-17","1988-04-24","Sales"
414721,"Shigeu","Kieras","1953-05-24","1986-01-30","Sales"
414917,"Chikara","Delgrange","1955-07-22","1987-05-14","Sales"
415452,"Shahab","Lalonde","1954-03-28","1985-09-04","Sales"
415892,"Arvind","Munch","1955-12-26","1985-04-24","Sales"
415950,"Nathan","Bonifati","1952-05-14","1985-07-31","Sales"
416076,"Kenton","Junet","1953-12-21","1988-02-25","Sales"
416396,"Oldrich","Flanders","1953-02-03","1986-09-06","Sales"
416421,"Zijian","Strooper","1953-08-19","1986-12-20","Sales"
416469,"Kristina","Negoita","1952-12-10","1988-07-11","Sales"
416470,"Tzvetan","Katiyar","1953-12-31","1986-12-27","Sales"
416584,"JoAnna","Kleiser","1953-03-19","1985-10-29","Sales"
417039,"Chrisa","Feldmann","1952-07-14","1988-07-27","Sales"
417338,"Huican","Staelin","1952-09-15","1986-07-08","Sales"
417662,"Tuval","Halloran","1952-12-30","1988-02-04","Sales"
417704,"Sajjad","Erdmenger","1952-12-24","1987-09-28","Sales"
418526,"Sajjad","Rubsam","1953-04-17","1988-05-03","Sales"
419000,"Subhada","Sluis","1952-12-15","1987-03-29","Sales"
419911,"Seongbin","Hofstetter","1952-02-29","1986-08-06","Sales"
420013,"Pranav","Syang","1955-02-05","1987-12-21","Sales"
420362,"Uinam","Cooley","1952-05-03","1987-08-15","Sales"
420591,"Masoud","Barreiro","1955-06-05","1988-12-02","Sales"
420622,"Susanna","Katzenelson","1955-09-04","1986-06-07","Sales"
420772,"Domenick","Kulisch","1955-02-25","1987-09-14","Sales"
421122,"Danny","Schnelling","1952-09-07","1987-11-30","Sales"
421244,"Ortrun","Ladret","1955-11-23","1987-01-18","Sales"
421251,"Fumitaka","Assaf","1952-10-28","1987-06-29","Sales"
422246,"Francesca","Kusakari","1954-09-11","1985-05-04","Sales"
423032,"Yolla","Katiyar","1955-11-13","1986-08-20","Sales"
423171,"Francesca","Mandell","1955-03-19","1986-06-02","Sales"
423243,"Gill","Lammel","1954-10-04","1988-08-17","Sales"
423251,"Maia","Zolotykh","1954-03-08","1988-04-08","Sales"
423674,"Ugo","Motley","1955-08-13","1986-11-04","Sales"
423966,"Harjit","Badache","1955-12-22","1988-02-16","Sales"
424491,"Caolyn","Munoz","1952-09-23","1988-07-19","Sales"
424591,"Abdelwaheb","Yeung","1954-12-28","1985-10-31","Sales"
424705,"Achilleas","Falster","1953-09-04","1987-12-02","Sales"
425462,"Keung","Sherertz","1952-05-15","1986-02-13","Sales"
425474,"Vishwani","England","1952-09-26","1987-04-18","Sales"
425860,"JoAnna","Bakhtari","1955-10-09","1985-07-23","Sales"
425873,"Visit","Conti","1955-02-26","1985-11-28","Sales"
426010,"Utpal","Koblitz","1955-11-15","1987-01-07","Sales"
426518,"Marek","Turnbull","1952-05-02","1988-08-28","Sales"
426799,"Hatim","Keirsey","1953-05-22","1988-12-30","Sales"
426994,"Zito","Nyanchama","1953-10-07","1987-02-02","Sales"
427091,"Udi","Cherinka","1954-05-09","1987-01-29","Sales"
427212,"Nitsan","Dulin","1955-12-02","1985-09-24","Sales"
427988,"Martial","Barvinok","1954-06-11","1985-12-20","Sales"
428282,"Yifei","Ranon","1955-01-21","1986-02-08","Sales"
428459,"Khoa","Pietrzykowski","1953-02-27","1986-10-19","Sales"
428959,"DeForest","Prenel","1954-04-18","1985-06-04","Sales"
429128,"Uno","Range","1955-10-03","1987-10-05","Sales"
429814,"Georg","Tischendorf","1952-09-18","1985-10-17","Sales"
429836,"Arumugam","Kilgour","1955-08-25","1988-02-07","Sales"
430347,"Malu","Cyne","1955-04-13","1986-08-14","Sales"
430754,"Zengping","Langford","1952-02-23","1985-07-08","Sales"
430906,"Christ","Cyre","1955-07-01","1988-07-15","Sales"
431078,"Adib","Ananiadou","1955-08-14","1987-07-01","Sales"
431311,"Gritta","Birge","1954-09-14","1986-02-02","Sales"
431895,"Xiaoqiang","Speel","1952-03-22","1986-06-11","Sales"
432320,"Luise","Bridgland","1955-08-26","1986-01-15","Sales"
432457,"Charmane","Gadepally","1952-12-11","1985-06-10","Sales"
432749,"Miomir","Heemskerk","1955-06-06","1985-12-04","Sales"
433105,"Leif","Cmelik","1955-02-09","1985-03-14","Sales"
434058,"Masami","Eterovic","1954-05-20","1986-11-20","Sales"
434262,"Kerryn","Peir","1953-07-05","1986-11-18","Sales"
435166,"Shahid","Awdeh","1952-07-26","1987-05-28","Sales"
436514,"Mahendra","Fritzsche","1955-11-27","1988-04-11","Sales"
436605,"Piyawadee","Duclos","1952-06-22","1987-07-26","Sales"
436792,"Taizo","Luca","1955-10-25","1987-01-18","Sales"
437453,"Gladys","Sabnani","1954-05-23","1987-07-03","Sales"
438160,"Rayond","Pagter","1954-04-15","1985-06-03","Sales"
438480,"Hyuncheol","Taubenfeld","1952-07-15","1986-09-16","Sales"
438718,"Shin","Deville","1954-10-06","1985-03-26","Sales"
439501,"Oscar","Falco","1953-10-08","1987-05-07","Sales"
439630,"Ymte","Busillo","1953-11-18","1986-11-03","Sales"
440264,"Izaskun","Biran","1953-02-05","1987-08-10","Sales"
440366,"Babette","Armand","1953-10-23","1986-09-24","Sales"
440560,"Junichi","Mayerwieser","1954-10-03","1986-02-24","Sales"
441628,"Lubomir","Bazelow","1955-12-12","1985-10-23","Sales"
442867,"King","Vrecion","1954-06-13","1988-06-10","Sales"
443078,"Ortrud","Hennebert","1954-07-13","1986-12-20","Sales"
443097,"Sudhanshu","Strandh","1953-08-17","1985-10-18","Sales"
443696,"Henk","Douceur","1955-01-08","1985-03-03","Sales"
443801,"Yefim","Gopalakrishnan","1952-02-18","1986-05-24","Sales"
444494,"Hugo","Merle","1952-12-22","1985-12-26","Sales"
444508,"Kaijung","Bahl","1955-06-16","1985-08-29","Sales"
444830,"Rasikan","Koprowski","1955-03-21","1985-04-19","Sales"
445218,"Gino","Decaestecker","1952-05-08","1987-02-22","Sales"
445552,"Ziyad","Kleiser","1953-04-17","1988-02-27","Sales"
445626,"Satoru","Lanphier","1954-07-28","1986-02-13","Sales"
445659,"Jagoda","Bodoff","1954-12-23","1985-07-09","Sales"
446108,"Georg","Reinhart","1953-01-28","1987-11-28","Sales"
446611,"Moto","Garigliano","1955-04-07","1986-02-14","Sales"
447203,"Gila","Lienhardt","1954-05-10","1986-05-21","Sales"
447665,"Martien","Schaar","1954-06-28","1985-04-28","Sales"
448098,"Kasidit","Chartres","1952-04-05","1988-10-18","Sales"
448422,"Adit","Rahier","1953-09-14","1987-03-12","Sales"
448610,"Parke","Laventhal","1954-06-06","1987-11-18","Sales"
449023,"Jinpo","Kuhnemann","1954-06-08","1988-07-05","Sales"
449053,"Genki","Kragelund","1952-08-29","1986-03-28","Sales"
449115,"Kellyn","Levasseur","1953-02-07","1988-02-05","Sales"
449657,"Cathie","Serre","1952-04-02","1988-05-15","Sales"
450027,"Kwangho","Oxenboll","1953-01-02","1987-04-08","Sales"
450192,"Sachem","Ghalwash","1952-06-28","1985-04-02","Sales"
450735,"Chaitali","Naumovich","1952-02-25","1985-09-17","Sales"
451004,"Aron","Pulkowski","1955-05-21","1988-03-20","Sales"
451348,"Mayuko","Vanwelkenhuysen","1952-04-06","1987-01-18","Sales"
451422,"Ranga","Mundy","1954-10-16","1988-03-10","Sales"
451548,"Mari","Sridhar","1954-05-11","1986-02-14","Sales"
451751,"Kwan","Hasham","1953-01-14","1986-04-01","Sales"
452021,"Karoline","Kobuchi","1953-04-26","1985-09-09","Sales"
452481,"Kazunori","Kavanagh","1953-10-03","1986-11-17","Sales"
452796,"Xinan","Flexer","1954-03-21","1988-08-28","Sales"
454261,"Gor","Schaaf","1953-12-03","1986-09-19","Sales"
454322,"Dulce","Delaune","1955-07-09","1986-07-19","Sales"
454754,"Bernd","Skogmar","1954-05-09","1988-07-08","Sales"
454932,"Sampalli","Zaiane","1955-03-17","1988-04-30","Sales"
455373,"Shimshon","Eiter","1955-12-14","1988-01-12","Sales"
455476,"Limsoon","Speek","1955-07-24","1985-10-08","Sales"
455769,"KayLiang","Braunmuhl","1954-04-10","1986-05-08","Sales"
456100,"Monique","Lalonde","1954-12-27","1988-01-25","Sales"
457125,"Leah","Krupka","1953-10-04","1987-08-21","Sales"
457126,"Hongzue","Warwick","1955-04-06","1988-02-04","Sales"
457770,"Ute","Nitsch","1955-01-27","1986-04-13","Sales"
457973,"Shahid","Maksimenko","1953-09-06","1988-08-06","Sales"
458147,"Erzsebet","Ramsey","1955-07-30","1986-06-06","Sales"
458266,"Shahid","Badache","1954-01-11","1987-08-10","Sales"
458384,"Rutger","Bashian","1954-11-15","1985-02-19","Sales"
458389,"Khosrow","Kroha","1955-10-30","1985-09-13","Sales"
458528,"Danco","Famili","1952-04-28","1985-09-10","Sales"
458535,"Shaowei","Krohm","1952-02-28","1986-09-06","Sales"
458623,"Wuxu","Manderick","1953-05-12","1986-11-03","Sales"
458851,"Larisa","Monarch","1954-07-29","1988-08-08","Sales"
459463,"Akeel","Denis","1954-09-19","1987-03-27","Sales"
460453,"Jaideep","Schneeberger","1955-12-23","1985-09-16","Sales"
460797,"Randi","Vecchio","1954-11-02","1986-09-15","Sales"
461562,"Shimshon","Ducloy","1952-05-06","1987-11-02","Sales"
461812,"Kristine","Kaiser","1955-06-13","1985-02-28","Sales"
461915,"Alejandro","Sambasivam","1952-02-19","1987-12-10","Sales"
462097,"Mircea","Keohane","1954-12-04","1985-02-20","Sales"
462581,"Anneke","Szmurlo","1953-07-30","1988-12-11","Sales"
462776,"Mostafa","Dechter","1953-11-16","1986-03-26","Sales"
462911,"Shay","Kusakabe","1953-08-14","1987-03-03","Sales"
462994,"Horward","Haldar","1955-02-24","1987-05-24","Sales"
463093,"Evgueni","Frolund","1952-02-22","1988-06-16","Sales"
463357,"Shaz","Zedlitz","1953-03-04","1986-07-12","Sales"
464387,"Shim","Klassen","1954-03-22","1985-03-31","Sales"
464654,"Ohad","Pillow","1954-10-22","1988-11-14","Sales"
465321,"Fumitaka","Slobodova","1953-10-10","1985-09-16","Sales"
465471,"Wilmer","Birta","1955-07-29","1987-05-21","Sales"
465702,"Kayoko","Plump","1955-09-26","1985-11-26","Sales"
466869,"Flemming","Magalhaes","1955-10-28","1986-03-15","Sales"
467116,"Shirish","Straney","1952-10-22","1988-04-05","Sales"
467607,"Gio","Randt","1954-05-08","1986-08-22","Sales"
467738,"Kien","Zielinski","1952-04-14","1988-12-01","Sales"
468291,"Mohit","Avouris","1952-11-27","1986-07-22","Sales"
468387,"Kaijung","Pews","1953-10-05","1986-01-16","Sales"
469191,"Garnet","Krohm","1953-05-06","1987-08-21","Sales"
469600,"Mircea","Conry","1955-11-10","1987-07-19","Sales"
469608,"Boalin","Merle","1954-07-23","1988-05-02","Sales"
469731,"Ramya","Bierman","1954-11-23","1988-05-31","Sales"
470319,"Leen","Heping","1955-01-16","1986-04-25","Sales"
470574,"Chrisa","Schaar","1953-02-10","1988-06-20","Sales"
472021,"Marsha","Wielonsky","1953-06-09","1987-06-25","Sales"
472392,"Uzi","Masada","1953-12-31","1988-03-23","Sales"
472692,"IEEE","Danecki","1955-09-17","1987-10-25","Sales"
472887,"Gino","Kaltofen","1952-12-30","1985-09-29","Sales"
473445,"Koldo","Janetzko","1954-09-01","1988-05-07","Sales"
473454,"Yonghoan","Masaki","1953-07-24","1985-07-30","Sales"
473903,"Stella","Sichman","1952-12-05","1988-01-16","Sales"
474400,"Herb","Ushiama","1955-09-27","1985-09-23","Sales"
475959,"Wuxu","Knightly","1953-10-11","1988-07-10","Sales"
475962,"Rasiah","Steenbeek","1953-11-18","1987-01-24","Sales"
476184,"Shahid","Hofman","1954-08-20","1988-12-29","Sales"
476492,"Gully","Dichev","1954-03-25","1988-01-25","Sales"
476724,"Kagan","Kamble","1955-08-12","1987-01-13","Sales"
477246,"Mara","Zeilberger","1953-04-23","1987-06-27","Sales"
477308,"Alejandra","Brandsma","1955-03-25","1985-02-23","Sales"
477510,"Atreyi","Demizu","1952-05-02","1987-08-19","Sales"
477679,"Chenye","Bach","1953-08-17","1986-07-27","Sales"
478344,"Shahid","Rassart","1954-11-02","1985-03-10","Sales"
478861,"Basem","Khasidashvili","1953-03-02","1985-09-12","Sales"
479070,"Valery","Ozeri","1952-03-11","1987-04-27","Sales"
479415,"Vatsa","Merle","1954-06-30","1988-06-17","Sales"
479708,"Hilary","Dayana","1955-08-22","1985-09-11","Sales"
479885,"Sariel","Schade","1955-02-15","1986-12-10","Sales"
480090,"Gad","Krone","1955-04-08","1987-10-11","Sales"
480660,"Kazunori","Sambasivam","1952-12-10","1985-07-30","Sales"
480825,"Georgy","Rosaz","1955-04-05","1988-11-10","Sales"
481415,"Mokhtar","Kaltofen","1955-10-24","1985-10-03","Sales"
481750,"Zvonko","Lieberherr","1953-03-06","1986-02-16","Sales"
481857,"Ulises","Ecklund","1953-09-05","1986-11-19","Sales"
482679,"Krister","Decleir","1953-04-27","1988-01-03","Sales"
483158,"Sumant","Weisert","1952-04-18","1986-11-29","Sales"
484105,"Hercules","Portugali","1952-04-14","1988-09-17","Sales"
484561,"Feiyu","Bridgland","1952-09-14","1985-10-12","Sales"
484583,"Xiping","Jording","1953-11-20","1988-03-15","Sales"
485559,"Premal","Gist","1954-05-17","1985-03-21","Sales"
485729,"Demin","Dayang","1952-07-28","1988-09-09","Sales"
486752,"Toshimo","Scharstein","1952-03-20","1985-07-01","Sales"
486809,"Oldrich","Schmittgen","1954-10-31","1986-04-11","Sales"
487071,"Khoa","Klyachko","1955-06-16","1985-04-09","Sales"
487260,"Katsuo","Nyrup","1954-01-05","1986-10-13","Sales"
488400,"Claudi","Gulla","1954-02-03","1985-07-12","Sales"
489260,"Constantine","Huxford","1953-02-08","1985-11-20","Sales"
489349,"Foong","Schapire","1953-03-07","1988-10-24","Sales"
489440,"Conor","Jonsson","1954-10-08","1987-10-24","Sales"
489452,"Hercules","Sethi","1953-04-01","1987-02-26","Sales"
490037,"Jagoda","Varman","1954-01-30","1985-05-21","Sales"
490242,"Padma","Jeansoulin","1955-05-02","1986-06-18","Sales"
490250,"Elvis","Baez","1953-02-04","1986-01-22","Sales"
490581,"Greger","Ghemri","1952-03-27","1987-04-14","Sales"
491304,"Felicidad","Lamba","1953-05-09","1985-05-14","Sales"
491799,"Zorica","Peck","1953-10-03","1988-07-14","Sales"
492479,"Otilia","Salinas","1954-12-23","1988-10-21","Sales"
494099,"Waiman","Irland","1954-08-09","1986-05-31","Sales"
494282,"Karlis","Kawashima","1953-03-04","1988-12-22","Sales"
494316,"Dekang","Merlo","1955-07-07","1987-12-24","Sales"
494423,"Izaskun","Guenter","1952-10-20","1986-04-24","Sales"
494428,"Manton","Selvestrel","1953-08-01","1988-10-15","Sales"
494885,"Demin","Eterovic","1953-05-22","1988-07-13","Sales"
495605,"Nobuyoshi","Imataki","1955-08-06","1987-05-15","Sales"
495697,"Mona","Ramamoorthy","1955-07-28","1986-07-03","Sales"
496032,"Trygve","Tischendorf","1954-07-28","1988-07-28","Sales"
496265,"Aran","Emden","1953-08-13","1988-04-26","Sales"
496579,"Rayond","Bernardeschi","1955-04-11","1987-07-12","Sales"
497023,"Jamaludin","Nooteboom","1954-10-18","1988-01-28","Sales"
497151,"Lijia","Litzkow","1955-08-01","1988-04-01","Sales"
497307,"Takahiro","Collette","1953-12-01","1988-08-01","Sales"
497693,"Tsutomu","Ciolek","1955-07-19","1986-08-13","Sales"
498923,"Shuky","Itzigehl","1952-08-05","1985-09-11","Sales"
499966,"Mihalis","Crabtree","1955-12-04","1985-06-13","Sales"
10442,"Volkmar","Unno","1955-09-09","1988-03-13","Sales"
10541,"Godehard","Eiter","1955-11-05","1986-02-28","Sales"
10629,"Lalit","Francisci","1954-03-23","1986-01-30","Sales"
10836,"Jianhua","Leivant","1953-07-15","1985-07-26","Sales"
10924,"Hironoby","Atchley","1954-04-27","1988-08-14","Sales"
11338,"Kwangsub","Hanratty","1954-11-03","1987-04-14","Sales"
12099,"Nobuyoshi","Kuzuoka","1953-01-12","1987-08-23","Sales"
12373,"Mooi","Driscoll","1953-04-26","1985-03-22","Sales"
12893,"Licheng","Crouzet","1954-10-09","1987-03-18","Sales"
12922,"Jacqueline","Porenta","1955-09-01","1985-11-20","Sales"
13147,"Shichao","Ginesta","1955-12-28","1985-12-16","Sales"
13305,"Bikash","Herath","1952-04-25","1985-07-17","Sales"
13769,"Yakichi","Trogemann","1955-10-07","1986-10-24","Sales"
13930,"Sukumar","Chartres","1952-04-28","1985-11-26","Sales"
14354,"Mong","Bojadziev","1954-05-30","1985-08-28","Sales"
14607,"Suzette","Selvestrel","1953-06-05","1987-03-03","Sales"
15134,"Arun","Luiz","1952-08-02","1986-08-16","Sales"
15566,"Baoqiu","Azuma","1955-09-25","1988-04-11","Sales"
15601,"Carrsten","Anily","1954-07-08","1988-12-24","Sales"
16105,"Alper","Tetzlaff","1955-09-05","1985-12-31","Sales"
16331,"Giap","Garnham","1953-03-30","1985-12-25","Sales"
16806,"Sreekrishna","Dayana","1952-06-13","1988-06-25","Sales"
17146,"Aemilian","Barbanera","1955-11-15","1986-08-27","Sales"
17436,"Chirstian","Munawer","1954-10-08","1985-08-12","Sales"
18016,"Somnath","Kaminger","1954-11-03","1987-11-29","Sales"
18018,"Sasan","Schrooten","1952-12-14","1985-12-10","Sales"
18065,"Chriss","Wroclawski","1954-04-23","1985-06-27","Sales"
18086,"Brewster","Szmurlo","1953-10-10","1988-08-11","Sales"
18369,"Pintsang","Backhouse","1955-03-12","1986-07-02","Sales"
18407,"Marsja","Luit","1953-04-15","1987-08-20","Sales"
18809,"Laurentiu","Munoz","1952-07-17","1988-10-10","Sales"
19708,"Ortrud","Biros","1952-10-25","1987-01-07","Sales"
20728,"Billie","Sessa","1953-10-30","1988-02-18","Sales"
21299,"Tamiya","Navazio","1953-06-09","1986-01-12","Sales"
21409,"Hongzhu","Yoshimura","1954-08-27","1987-08-10","Sales"
21413,"Laurentiu","Sherertz","1954-05-26","1985-06-24","Sales"
21432,"Kerhong","Weisert","1953-12-18","1987-02-09","Sales"
21683,"Jiang","Velasco","1953-03-12","1985-05-07","Sales"
21693,"Palash","Schurmann","1955-05-24","1988-12-30","Sales"
21994,"Lech","Babb","1954-05-01","1986-11-09","Sales"
22370,"Aloys","Oxenboll","1955-09-08","1986-05-04","Sales"
22691,"Morris","Bottner","1953-04-19","1987-08-14","Sales"
22720,"Olivera","Gornas","1952-03-22","1986-11-26","Sales"
22728,"Makato","Codenie","1955-09-20","1986-11-21","Sales"
23370,"Morris","Bodoff","1953-01-01","1985-12-14","Sales"
23406,"Masadi","Masada","1953-09-22","1985-02-12","Sales"
23677,"Rafael","Sevcikova","1953-09-04","1988-02-07","Sales"
23877,"Tesuro","Motley","1954-01-31","1986-09-24","Sales"
24078,"Sachem","Einsfeld","1954-03-10","1985-02-22","Sales"
24118,"Elliott","Monarch","1955-05-16","1986-11-02","Sales"
24522,"Shunichi","Hopewell","1953-05-03","1988-01-26","Sales"
24725,"Yechezkel","Openshaw","1954-09-16","1988-06-01","Sales"
24976,"Khun","Vakili","1952-07-29","1987-08-04","Sales"
25144,"Shaibal","Stellhorn","1954-08-04","1986-07-27","Sales"
25603,"Kwangsub","Desikan","1954-09-19","1985-09-10","Sales"
25841,"Shahab","Ernst","1954-11-13","1988-03-22","Sales"
25963,"Jiakeng","Fandrianto","1952-04-30","1987-11-17","Sales"
27369,"Cedric","Chinen","1953-09-01","1985-08-19","Sales"
28209,"Gadiel","Millington","1954-03-10","1987-09-22","Sales"
28240,"Reuven","Lorcy","1954-04-04","1987-04-25","Sales"
28350,"Theron","Heusch","1952-04-01","1987-03-09","Sales"
28599,"Youpyo","Szilard","1955-09-26","1987-02-28","Sales"
28757,"Branimir","Poupard","1953-05-13","1985-06-26","Sales"
29366,"Domenico","Ohori","1952-09-22","1986-06-19","Sales"
29583,"Subhada","Waymire","1952-06-27","1987-07-10","Sales"
29651,"Divier","Knightly","1953-11-25","1987-09-07","Sales"
29690,"Eran","Fioravanti","1955-12-14","1987-11-09","Sales"
30143,"Indrajit","Huttel","1954-06-02","1985-05-23","Sales"
30497,"Youjian","Pettis","1952-10-19","1985-07-08","Sales"
30670,"Lillian","Zizka","1952-12-09","1987-12-09","Sales"
30834,"Van","Erdi","1952-09-08","1988-10-25","Sales"
31425,"Mohammad","Anger","1952-06-12","1987-05-06","Sales"
31508,"Sanjit","Gadepally","1954-07-02","1987-01-08","Sales"
31750,"Fabrizio","DuBourdieux","1954-11-16","1988-07-14","Sales"
32056,"Parviz","Lieblein","1953-03-06","1987-01-21","Sales"
33340,"Gila","Lamma","1953-07-04","1986-07-17","Sales"
33343,"Chiradeep","Gunderson","1952-04-07","1985-10-07","Sales"
34146,"Fun","Matteis","1955-03-23","1986-09-15","Sales"
34241,"Remco","Ariola","1952-04-11","1988-12-06","Sales"
34382,"Kayoko","Ravishankar","1955-05-31","1988-08-06","Sales"
36205,"Kwangjo","Falco","1955-07-03","1987-03-04","Sales"
37068,"Xiaoqiang","Delgrande","1952-04-01","1988-03-20","Sales"
37180,"Arup","Rebaine","1952-07-14","1987-12-21","Sales"
37219,"Akhilish","Granlund","1954-01-10","1985-10-12","Sales"
37410,"Mingdong","Lunt","1955-05-04","1986-05-28","Sales"
37849,"Jayesh","Maginnis","1954-06-22","1988-03-04","Sales"
38117,"Stevo","Hiraishi","1952-05-09","1988-02-06","Sales"
38145,"Nobuyoshi","Munos","1955-02-24","1985-09-01","Sales"
38553,"Dinkar","Bage","1953-04-21","1985-07-26","Sales"
39474,"Zorica","Kilgore","1952-09-12","1987-02-09","Sales"
39852,"Willard","Guenter","1954-10-12","1986-09-10","Sales"
40226,"Hyuncheol","Benantar","1954-02-20","1988-06-16","Sales"
40760,"Munehiro","Yetto","1953-04-25","1986-01-30","Sales"
41074,"Leen","Siochi","1953-10-10","1986-02-01","Sales"
41404,"Marco","Isaak","1952-02-08","1988-02-12","Sales"
41554,"Rajmohan","Halloran","1952-10-20","1985-08-22","Sales"
41644,"Georg","Marakhovsky","1953-11-05","1986-04-24","Sales"
42691,"Yongdong","Piveteau","1953-10-22","1985-03-22","Sales"
42892,"Faiza","Suppi","1954-02-16","1985-03-09","Sales"
43089,"Pantung","Ferriere","1954-04-22","1986-11-26","Sales"
43181,"Hugh","Iisaka","1953-12-30","1986-03-26","Sales"
43965,"Syozo","Hasham","1952-03-21","1986-06-25","Sales"
44099,"Shridhar","Gruenwald","1955-01-06","1987-02-28","Sales"
44484,"Pasqua","Gelosh","1955-07-23","1985-12-29","Sales"
45269,"Arve","Avouris","1952-10-08","1986-09-13","Sales"
45313,"DAIDA","Schusler","1952-06-28","1986-01-19","Sales"
45552,"Aloys","Albarhamtoshy","1953-03-15","1987-08-17","Sales"
45698,"Sanjoy","Melichar","1955-01-02","1987-05-16","Sales"
46059,"Susumu","DuCasse","1955-04-10","1988-12-15","Sales"
46109,"Kiyotoshi","Kragelund","1953-03-22","1985-03-18","Sales"
46567,"Khatoun","Kirkerud","1953-07-10","1987-09-01","Sales"
46680,"Phuoc","Fairtlough","1952-04-05","1986-09-01","Sales"
46755,"Jenwei","Frezza","1955-06-02","1985-12-26","Sales"
46972,"Srinidhi","Rahimi","1953-09-28","1985-11-08","Sales"
47010,"Goh","Nannarelli","1954-04-02","1987-06-08","Sales"
47206,"Adin","Eterovic","1953-02-27","1985-10-08","Sales"
47763,"Yagil","Basart","1954-04-22","1986-03-26","Sales"
47876,"Shigeaki","Orlowska","1952-04-16","1985-09-11","Sales"
47925,"Angel","Kamble","1955-02-09","1985-03-05","Sales"
48818,"Monique","Welham","1952-09-13","1986-04-17","Sales"
48838,"Gay","Meszaros","1955-11-24","1985-09-20","Sales"
48862,"Kersti","Farrag","1954-11-25","1985-08-01","Sales"
49315,"Debaprosad","Gihr","1953-04-12","1988-04-10","Sales"
50135,"Clyde","Hebert","1955-02-22","1987-03-02","Sales"
50285,"Utz","Bernardeschi","1955-05-03","1986-01-26","Sales"
50517,"Weidon","Snedden","1954-02-20","1985-10-11","Sales"
50899,"Pintsang","Gadepally","1952-06-25","1986-03-15","Sales"
51307,"Xiping","Parascandalo","1955-04-16","1985-12-09","Sales"
51313,"Alois","Francisci","1953-01-12","1987-04-06","Sales"
51910,"Rosli","Chenoweth","1954-06-06","1988-12-21","Sales"
52071,"Xianlong","Milicic","1954-08-28","1986-10-26","Sales"
53412,"Dipayan","Rassart","1955-09-30","1985-02-09","Sales"
53633,"Masadi","Heinisuo","1952-11-10","1987-08-06","Sales"
53663,"Mamdouh","Segond","1953-04-21","1988-08-01","Sales"
53868,"Jixiang","Angelov","1955-10-29","1985-06-14","Sales"
54420,"Youngkon","Rajcani","1953-06-13","1988-03-14","Sales"
54550,"Rajmohan","Marciano","1955-11-18","1985-05-24","Sales"
55511,"Bernt","Marshall","1955-09-27","1988-10-20","Sales"
56058,"Christoper","Schapire","1952-03-07","1986-08-21","Sales"
56488,"Tze","Cherinka","1955-05-25","1985-09-28","Sales"
56950,"Saeed","Edelhoff","1954-01-16","1985-10-18","Sales"
57262,"Steve","Yavatkar","1954-06-03","1988-01-31","Sales"
57338,"Mostafa","Rouquie","1952-09-11","1987-11-13","Sales"
57492,"Parto","Miyakawa","1954-05-06","1987-04-24","Sales"
57629,"Gretta","Vendrig","1953-03-16","1988-01-05","Sales"
57886,"Fuqing","Kawashimo","1953-11-20","1985-07-24","Sales"
57949,"Oldrich","Pezzoli","1954-09-14","1988-06-06","Sales"
58129,"Chuanyi","Schnabel","1953-02-20","1986-02-13","Sales"
58199,"Yechiam","Karnin","1954-01-31","1987-03-13","Sales"
58416,"Zeydy","Plavsic","1954-10-28","1988-06-20","Sales"
58458,"Turgut","Koshiba","1955-04-13","1986-10-23","Sales"
58462,"Ronnie","Paciorek","1952-05-16","1987-02-09","Sales"
58509,"Anneli","Laurillard","1953-01-04","1987-11-09","Sales"
59382,"Gal","Ducloy","1953-03-10","1988-05-03","Sales"
59611,"Wanqing","Fraisse","1954-01-13","1985-05-08","Sales"
60598,"Izaskun","Sadowski","1953-09-05","1986-11-26","Sales"
60611,"Feixiong","Baba","1952-06-26","1986-02-04","Sales"
61018,"Marco","Zallocco","1954-05-26","1987-06-12","Sales"
61244,"Xiaoqiang","Peternell","1955-05-03","1986-08-21","Sales"
61588,"Doohun","Byoun","1954-11-17","1987-02-15","Sales"
61634,"Shigehito","Panwar","1952-04-13","1987-02-20","Sales"
62695,"Guangming","Jenevein","1952-07-20","1988-01-07","Sales"
62909,"Lenore","Rissland","1954-01-10","1988-04-30","Sales"
63005,"Barna","Ranum","1954-09-15","1986-10-24","Sales"
64158,"Yechiam","Fujisawa","1952-12-25","1986-07-09","Sales"
64519,"Kerryn","Eickenmeyer","1953-11-04","1988-12-24","Sales"
65199,"Ipke","Spataro","1955-03-10","1985-03-02","Sales"
65215,"Joydip","Garnham","1954-03-01","1987-01-03","Sales"
65448,"Menkae","Benzaken","1955-10-25","1988-08-06","Sales"
65467,"Jeane","Perng","1954-06-24","1986-07-15","Sales"
65779,"Lansing","Litecky","1954-08-23","1985-08-02","Sales"
67660,"Kwangjo","Pena","1953-02-14","1987-05-04","Sales"
67862,"Sven","Brizzi","1953-03-16","1988-12-11","Sales"
67999,"Sorina","Herber","1955-12-12","1985-07-28","Sales"
68332,"Kristian","Teitelbaum","1953-11-19","1987-05-14","Sales"
68407,"Jahangir","Peternell","1955-10-06","1988-02-25","Sales"
68599,"Alair","Zucker","1954-02-13","1985-08-28","Sales"
68915,"Oddvar","Busillo","1955-11-01","1988-09-18","Sales"
69050,"Nidapan","Anily","1954-03-27","1987-06-12","Sales"
69258,"Mara","Brendel","1952-10-21","1986-03-16","Sales"
69342,"Visit","Emden","1954-04-26","1985-04-26","Sales"
69637,"Tse","Basart","1952-08-31","1987-11-02","Sales"
70059,"Valeri","Tiemann","1953-07-12","1986-09-26","Sales"
70145,"Shaowei","McAlpine","1954-08-18","1986-03-08","Sales"
70538,"Pascal","Benveniste","1954-07-01","1988-02-22","Sales"
70787,"Reinhard","Masaki","1952-11-14","1985-10-17","Sales"
71057,"Christfried","Orsini","1953-03-11","1985-02-12","Sales"
71246,"Toshimitsu","Paludetto","1955-06-01","1988-05-02","Sales"
71335,"Khalil","Rusterholz","1955-08-18","1987-05-17","Sales"
71586,"Jianwen","Cannard","1955-12-21","1985-10-02","Sales"
71715,"Eberhardt","Niizuma","1955-12-05","1985-08-19","Sales"
72788,"Berthier","Dulli","1955-06-28","1985-12-23","Sales"
72815,"Marc","Setiz","1952-04-29","1985-02-13","Sales"
72863,"Mohd","Kavvadias","1955-08-09","1985-10-17","Sales"
72866,"Sverrir","Zumaque","1955-10-15","1986-08-29","Sales"
73194,"Perry","Castellani","1954-08-09","1986-02-05","Sales"
74151,"Munehiro","Bahl","1954-11-23","1988-02-06","Sales"
74166,"Shawna","Beidas","1952-12-25","1986-05-18","Sales"
74246,"Tomofumi","Erdi","1955-09-15","1986-08-12","Sales"
74358,"Mohammad","Lanteri","1955-07-25","1987-03-06","Sales"
74574,"Kenroku","Morris","1955-01-10","1987-10-11","Sales"
75051,"Roddy","Mansanne","1952-03-10","1986-08-19","Sales"
75201,"Boguslaw","Basagni","1952-09-12","1986-10-29","Sales"
75688,"Adamantios","Crooks","1953-09-05","1986-12-29","Sales"
75699,"Toshimi","Uhrig","1955-09-27","1988-03-06","Sales"
75738,"Guozhong","Muhlberg","1954-06-19","1986-08-16","Sales"
75748,"Xuejia","Varman","1954-03-19","1987-09-08","Sales"
75868,"Marko","Sadowski","1952-06-13","1985-06-12","Sales"
76247,"Mads","Azuma","1952-09-14","1988-06-05","Sales"
76977,"Sigeru","Stroustrup","1952-12-26","1985-03-20","Sales"
77144,"Gill","Milicia","1953-02-24","1985-10-16","Sales"
77173,"Sachem","Merey","1953-10-30","1987-12-18","Sales"
77279,"Xuejun","Burnard","1952-04-17","1986-11-26","Sales"
77615,"Jianwen","Krupka","1952-08-18","1987-05-02","Sales"
77641,"Berni","Nishimukai","1952-11-28","1987-04-07","Sales"
77690,"Nahum","Thorensen","1952-06-12","1985-04-11","Sales"
77786,"Munehiro","Vieth","1952-07-13","1986-07-25","Sales"
77915,"Shimshon","Schnelling","1952-11-18","1988-08-28","Sales"
77942,"Nalini","Georgakopoulos","1952-06-05","1986-07-09","Sales"
78114,"Zeljko","Mellouli","1953-08-12","1987-02-12","Sales"
78189,"IEEE","Gischer","1955-05-03","1986-10-17","Sales"
78573,"Berry","Rosiles","1955-08-14","1987-11-14","Sales"
79073,"Almudena","Bhattacharjee","1952-10-17","1986-10-01","Sales"
79684,"JiYoung","Janocha","1952-06-28","1988-12-25","Sales"
79834,"Guiseppe","Wuwongse","1955-09-26","1985-05-26","Sales"
81201,"Werner","Knightly","1955-03-28","1985-07-11","Sales"
81944,"Matk","Valtorta","1952-08-22","1985-11-16","Sales"
82309,"Hideyuki","Ramsak","1954-10-27","1986-11-04","Sales"
82392,"Susuma","Beznosov","1955-02-15","1986-11-10","Sales"
82631,"Shunichi","Bugrara","1954-08-16","1987-01-20","Sales"
82761,"Mabry","Underwood","1954-02-25","1986-01-22","Sales"
83169,"Tsz","Buescher","1953-03-11","1987-01-28","Sales"
83597,"Sajjan","Llado","1953-10-27","1987-06-05","Sales"
83665,"Horward","Knightly","1952-04-16","1988-11-26","Sales"
84263,"Jackson","Henseler","1954-01-22","1987-11-20","Sales"
84629,"Heon","Kaltofen","1954-08-15","1986-12-18","Sales"
85079,"Shan","Wossner","1955-04-05","1988-09-19","Sales"
85647,"Kristian","Waymire","1954-11-18","1985-11-25","Sales"
85827,"Basant","Schach","1954-01-30","1988-01-19","Sales"
86608,"Honglan","Shigei","1952-06-01","1987-11-13","Sales"
87234,"Boriana","Mungall","1954-01-16","1988-09-04","Sales"
87366,"Aria","Rubsam","1955-04-27","1985-10-12","Sales"
87374,"Sampalli","Maraist","1955-05-18","1987-10-10","Sales"
87526,"Turgut","Lanphier","1953-02-21","1986-03-15","Sales"
87603,"Mostafa","Hellwagner","1955-07-31","1986-04-26","Sales"
87806,"Khatoun","Shokrollahi","1954-10-23","1985-06-22","Sales"
88408,"Rasiah","Skrikant","1952-09-02","1987-09-11","Sales"
88754,"Garnet","Thorensen","1953-01-07","1986-09-29","Sales"
88776,"Bedir","Kaiser","1955-09-09","1988-11-26","Sales"
88855,"Bojan","Zweizig","1953-05-09","1986-01-16","Sales"
89480,"Palash","Angelov","1953-01-22","1985-10-28","Sales"
89776,"Seongbae","Remmers","1954-01-24","1986-10-28","Sales"
90390,"Marko","Kadhim","1955-01-29","1988-01-22","Sales"
90428,"Niranjan","Braunschweig","1953-05-19","1986-05-31","Sales"
90748,"Monique","Giveon","1954-07-10","1986-11-21","Sales"
90812,"Marie","Thibadeau","1953-09-05","1987-03-03","Sales"
90862,"Masadi","Billingsley","1953-09-21","1985-09-29","Sales"
91058,"Weijing","Litzkow","1955-05-05","1987-11-15","Sales"
91202,"Yonghong","Zlotek","1954-01-20","1985-11-21","Sales"
91310,"Gaurav","Kakkad","1952-03-28","1988-01-08","Sales"
91521,"Akeel","Murthy","1955-10-28","1985-10-26","Sales"
91566,"Hongzue","Rohrbach","1952-10-06","1987-12-03","Sales"
91602,"Jackson","Weedman","1955-08-28","1985-09-23","Sales"
92145,"Marl","Schueller","1954-12-17","1987-09-03","Sales"
93001,"Kersti","Pusterhofer","1952-11-21","1987-01-25","Sales"
93038,"Chenyi","Michaeli","1952-08-29","1986-08-26","Sales"
93150,"Piyush","Papsdorf","1953-01-30","1988-05-01","Sales"
93539,"Stevo","Heystek","1954-03-25","1988-10-04","Sales"
93576,"Xuedong","Thorensen","1955-02-06","1985-06-17","Sales"
93722,"Tetsurou","Kavraki","1953-12-18","1985-03-22","Sales"
94250,"Jianhao","Falby","1952-10-17","1987-11-04","Sales"
94410,"Iara","Schieder","1954-08-04","1987-01-15","Sales"
94680,"Teruyuki","Baja","1954-02-10","1988-10-01","Sales"
94749,"Brewster","Schlenzig","1952-07-20","1987-03-19","Sales"
94871,"Kasidit","Chenney","1952-04-02","1988-12-27","Sales"
95428,"Shuzo","Conde","1953-05-10","1985-08-09","Sales"
95601,"Vincent","Guting","1954-07-24","1986-09-06","Sales"
96122,"Muzhong","Onuegbe","1953-06-09","1987-11-16","Sales"
96314,"Anneke","Birjandi","1955-12-29","1985-09-02","Sales"
96753,"Claude","Giveon","1955-03-30","1986-03-30","Sales"
96770,"Shirish","Solovay","1952-05-15","1988-11-19","Sales"
96907,"Masamitsu","Hiraishi","1953-09-18","1986-04-10","Sales"
96989,"Youpyo","Shobatake","1954-11-16","1985-11-11","Sales"
97466,"Valdiodio","Marwedel","1954-07-31","1986-01-07","Sales"
97492,"Dante","Schnabel","1955-11-30","1988-10-12","Sales"
97508,"Pantung","Garnier","1953-09-07","1985-02-17","Sales"
97848,"Takanari","Unni","1953-08-29","1987-05-06","Sales"
97870,"Leah","Socorro","1953-10-05","1986-05-31","Sales"
98169,"Bedrich","Luft","1952-09-01","1987-01-20","Sales"
98183,"Masami","Besselaar","1955-11-05","1988-09-09","Sales"
98199,"Sadun","Felcyn","1953-11-19","1986-05-30","Sales"
98485,"Chiradeep","Homond","1954-01-13","1987-11-01","Sales"
98697,"JiYoung","Harbusch","1953-10-26","1987-06-18","Sales"
98996,"Parke","Kalloufi","1955-01-21","1985-07-28","Sales"
99023,"Gill","Kusakabe","1954-06-19","1986-03-28","Sales"
99532,"Percy","Picco","1954-09-09","1986-04-13","Sales"
99966,"Masali","Ferretti","1955-10-05","1985-10-15","Sales"
100042,"Raimond","Turnbull","1955-11-03","1987-01-07","Sales"
100317,"Xiaopeng","Lorys","1954-01-15","1987-12-11","Sales"
100347,"Otmar","Gajiwala","1954-01-18","1986-12-18","Sales"
100486,"Radhakrishnan","Maksimenko","1953-07-08","1987-04-06","Sales"
100965,"Lucian","Bultermann","1955-01-25","1985-12-20","Sales"
101133,"Val","Heuter","1953-09-16","1986-01-12","Sales"
101378,"Reinhold","Monkewich","1952-05-09","1988-05-25","Sales"
102405,"Kagan","Danlos","1954-02-06","1985-03-01","Sales"
103039,"Premsyl","Camarinopoulos","1955-08-03","1987-11-28","Sales"
103156,"Yahiko","Schiper","1953-08-03","1985-07-01","Sales"
103375,"Khue","Fioravanti","1952-04-03","1985-07-04","Sales"
103585,"Juichirou","Dusink","1953-07-24","1987-05-28","Sales"
103621,"Yuqun","Vidya","1954-05-30","1987-06-06","Sales"
104035,"Sivanarayana","Chandrasekhar","1953-07-02","1985-03-05","Sales"
104212,"Bedrich","Driscoll","1952-08-14","1986-04-24","Sales"
104404,"Yoshinari","Usery","1955-07-07","1985-04-20","Sales"
105073,"Miyeon","Pietracaprina","1953-08-30","1988-05-05","Sales"
105603,"Masoud","Sommer","1955-05-23","1987-04-24","Sales"
105800,"Golgen","Baig","1955-04-13","1987-03-25","Sales"
106011,"Youpyo","Takanami","1955-02-23","1986-02-02","Sales"
106187,"Kazuyasu","Rassart","1952-09-04","1988-12-23","Sales"
106255,"Luigi","Furedi","1952-04-26","1987-09-17","Sales"
106877,"Temple","Hemaspaandra","1952-06-07","1988-05-21","Sales"
107019,"Noritoshi","Majewski","1952-08-22","1988-11-08","Sales"
107293,"Haldon","Ballarin","1953-03-29","1987-02-04","Sales"
107500,"Karoline","Masada","1953-11-09","1986-03-24","Sales"
107508,"Rajmohan","Mapelli","1952-12-16","1986-08-12","Sales"
107517,"Haldon","Nannarelli","1952-08-01","1988-01-28","Sales"
107554,"Zvonko","Conry","1954-05-17","1987-06-29","Sales"
107822,"Hatem","Kroll","1954-03-09","1986-07-18","Sales"
108122,"Moti","Terkki","1953-09-22","1985-05-15","Sales"
108153,"Lene","Puppo","1955-10-03","1987-04-01","Sales"
108217,"Mohan","Munoz","1952-06-26","1987-12-16","Sales"
108842,"Giordano","Heijenga","1952-10-12","1985-04-12","Sales"
108850,"Soenke","Honiden","1954-04-07","1987-11-02","Sales"
109206,"LiMin","Fontan","1954-07-28","1985-11-19","Sales"
109318,"Gift","Brlek","1954-01-06","1988-08-23","Sales"
109380,"Kagan","Luan","1953-11-27","1987-05-17","Sales"
109902,"Kersti","Terlouw","1954-12-14","1986-10-08","Sales"
200166,"Huan","Feldmann","1952-06-15","1988-02-04","Sales"
200171,"Hilari","Gyorkos","1953-08-27","1985-08-29","Sales"
200842,"Nishit","Manders","1954-06-11","1986-01-06","Sales"
201699,"Aamod","Lorie","1954-09-26","1987-06-16","Sales"
202014,"Mara","Bernatsky","1954-11-27","1987-05-22","Sales"
203385,"Subhrajyoti","Maginnis","1955-09-07","1988-04-06","Sales"
203645,"Tadahiro","Syang","1953-04-22","1986-11-20","Sales"
203933,"Bowen","Fortenbacher","1955-06-13","1987-03-18","Sales"
204923,"Subhada","Raney","1952-07-11","1988-05-18","Sales"
205537,"Tadahiko","Hoppenstand","1952-02-16","1988-12-26","Sales"
205918,"Lihong","Ghandeharizadeh","1954-04-05","1988-01-01","Sales"
206181,"Yagil","Benzaken","1953-05-16","1985-06-14","Sales"
206427,"Nobuyoshi","Otillio","1955-10-25","1986-11-25","Sales"
207518,"Jeanna","Reinhart","1955-01-27","1988-04-29","Sales"
207532,"Lidong","Jeansoulin","1954-10-15","1988-07-26","Sales"
208273,"Kagan","Radhakrishnan","1953-08-29","1985-02-06","Sales"
208436,"Adhemar","Denny","1952-07-14","1987-08-26","Sales"
208905,"Chenye","Ramsey","1952-08-11","1985-06-22","Sales"
209356,"Tesuro","Jansen","1955-09-29","1986-06-14","Sales"
209906,"Joydip","Fadgyas","1953-04-07","1985-09-03","Sales"
210543,"Zhensheng","Terwilliger","1953-06-03","1986-11-21","Sales"
210571,"Hirochika","Peot","1952-02-22","1987-03-14","Sales"
211361,"Garnet","Candan","1955-12-30","1985-03-19","Sales"
211781,"Thanasis","Hofting","1955-09-13","1985-11-06","Sales"
211801,"Srinidhi","Merel","1954-09-19","1988-06-30","Sales"
213083,"Wonhee","Nishimukai","1952-04-29","1988-05-23","Sales"
213126,"Maia","Kolvik","1954-08-09","1986-07-30","Sales"
213248,"Along","Sudkamp","1953-04-28","1985-04-25","Sales"
213305,"Takahira","Farris","1955-07-24","1985-12-04","Sales"
213480,"Dinah","Srimani","1955-08-21","1985-12-28","Sales"
213786,"Adas","Deyuan","1952-03-30","1985-03-21","Sales"
214682,"Jaroslava","Neimat","1953-12-21","1987-12-19","Sales"
214716,"Hironobu","Makrucki","1955-04-13","1988-10-17","Sales"
215101,"Mark","Baaz","1952-10-23","1987-08-08","Sales"
215482,"Samphel","Peac","1952-08-14","1987-02-06","Sales"
215513,"Sigeru","Litzkow","1954-09-01","1987-01-15","Sales"
216075,"Nimmagadda","Kranzdorf","1954-07-04","1986-02-25","Sales"
216181,"Susuma","Biran","1954-06-29","1985-12-26","Sales"
217734,"Tayeb","Eldridge","1953-06-08","1985-12-10","Sales"
217746,"Shih","Pelc","1952-05-22","1988-01-26","Sales"
218439,"Amstein","Jonsson","1955-11-11","1988-04-23","Sales"
219898,"Tonny","Felcyn","1955-02-06","1985-12-25","Sales"
219962,"Goncalo","Gill","1953-07-18","1987-08-29","Sales"
220064,"Mark","Ramras","1954-05-14","1987-01-17","Sales"
220448,"Marsha","Koblick","1952-10-02","1985-02-21","Sales"
221351,"Odoardo","Chepyzhov","1952-11-24","1987-12-02","Sales"
222147,"Hitomi","Bernatsky","1952-02-20","1986-11-18","Sales"
222180,"Maia","Feinberg","1953-01-25","1985-05-02","Sales"
222205,"Ayonca","Validov","1952-06-15","1986-07-20","Sales"
222536,"Feipei","Merel","1955-11-07","1986-07-14","Sales"
222573,"Gadiel","Bellmore","1952-02-11","1988-09-16","Sales"
222624,"Kenton","Birdsall","1954-10-30","1986-01-12","Sales"
223292,"Kasidit","Savasere","1955-12-15","1986-05-12","Sales"
223645,"Tomokazu","Shumilov","1955-12-02","1988-08-28","Sales"
223981,"Christoph","Cheshire","1952-11-22","1986-02-23","Sales"
224245,"Tuval","Vecchi","1955-03-24","1987-03-14","Sales"
224431,"Xiadong","Bruckman","1955-08-23","1986-12-16","Sales"
225254,"Sanjoy","Tzvieli","1955-02-09","1985-02-09","Sales"
225275,"Baocai","Ishibashi","1954-04-21","1987-10-01","Sales"
226387,"Inderjeet","Eterovic","1953-03-03","1988-08-20","Sales"
227553,"Trygve","Schwartzbauer","1953-12-22","1985-08-28","Sales"
228065,"Mariusz","McFarlan","1952-09-17","1987-09-08","Sales"
229620,"Arun","Shackell","1954-10-01","1986-02-07","Sales"
229911,"Ingmar","Jansen","1954-06-24","1985-07-29","Sales"
230040,"Sergi","Cannane","1955-05-02","1988-09-01","Sales"
230750,"Magy","Vigier","1952-04-28","1987-12-12","Sales"
230813,"Tesuya","Shumilov","1954-10-16","1985-03-16","Sales"
231571,"Lena","Broomell","1952-10-16","1986-08-01","Sales"
231706,"Achilleas","Pettey","1954-05-19","1988-04-03","Sales"
232201,"Weicheng","Baig","1953-11-27","1987-01-15","Sales"
232526,"Stepehn","Bernick","1954-01-02","1988-03-02","Sales"
233048,"Sailaja","Waterhouse","1955-03-28","1988-03-22","Sales"
233431,"Jingling","Flowers","1953-06-28","1987-11-10","Sales"
233791,"Hideyuki","Zhiwei","1953-11-20","1985-06-19","Sales"
234334,"Kshitij","Kornatzky","1955-06-06","1988-08-31","Sales"
234394,"Kazuhide","Sichman","1955-02-16","1986-05-31","Sales"
234428,"Bodh","Perin","1955-06-03","1985-08-22","Sales"
235115,"Sandeepan","Byoun","1954-09-26","1986-08-14","Sales"
236154,"Shmuel","Demeyer","1953-07-14","1985-10-18","Sales"
236373,"Mahendra","Fujisaki","1954-07-25","1985-07-12","Sales"
236447,"Achilleas","Vasanthakumar","1953-07-28","1988-01-21","Sales"
236555,"Adamantios","Luga","1954-09-04","1986-12-30","Sales"
236925,"Leaf","Argence","1955-03-14","1987-09-06","Sales"
237325,"Jayson","Passino","1952-05-11","1986-11-04","Sales"
237486,"Mountaz","Sevcikova","1953-10-17","1986-12-23","Sales"
237777,"Anneli","Fiebach","1955-04-05","1985-08-18","Sales"
238389,"Etsuo","Perfilyeva","1955-08-02","1986-08-20","Sales"
238935,"Janalee","Jakobus","1955-05-29","1988-04-02","Sales"
239078,"Szabolcs","Narwekar","1954-07-21","1988-03-02","Sales"
239338,"Nitsan","Polupanov","1952-12-15","1988-03-26","Sales"
239403,"Sanjiv","Casperson","1955-08-01","1988-06-25","Sales"
239831,"Miyeon","Diderrich","1954-02-05","1985-07-24","Sales"
240196,"Xianlong","Vigier","1955-07-26","1988-02-02","Sales"
240869,"Kirk","Hasham","1954-01-06","1988-04-01","Sales"
242114,"Angus","Orlowska","1953-01-18","1985-11-24","Sales"
242347,"Teunis","Heystek","1955-02-26","1987-01-22","Sales"
242586,"Xinglin","Gulik","1955-12-28","1987-08-29","Sales"
242990,"Sachar","Journel","1952-06-25","1988-02-25","Sales"
243086,"Rosalie","Kumaresan","1955-10-01","1985-08-24","Sales"
243592,"Radhia","Frolund","1955-01-10","1988-08-01","Sales"
244260,"Sangeeta","Mandelberg","1952-11-23","1985-07-21","Sales"
244784,"Aris","Matzen","1952-11-13","1985-08-25","Sales"
244791,"Kauko","Olivero","1954-06-06","1985-09-19","Sales"
245022,"Gen","Xiaoshan","1955-12-15","1986-09-30","Sales"
245258,"Arra","Erol","1955-10-10","1985-04-15","Sales"
245593,"Shigeu","Perez","1952-11-04","1986-09-09","Sales"
246381,"Feiyu","Peha","1953-01-12","1987-03-06","Sales"
247256,"Patricio","Reutenauer","1954-02-13","1987-02-24","Sales"
247293,"Marsja","Gils","1955-01-19","1988-01-02","Sales"
247434,"Yoshinari","Horswill","1954-02-08","1986-10-10","Sales"
247691,"Mechthild","Oberman","1955-07-28","1986-11-15","Sales"
248214,"Kazuhito","Hennings","1953-07-31","1986-06-08","Sales"
248456,"Jinpo","Brender","1955-12-26","1985-12-31","Sales"
248640,"Jessie","Eiter","1952-02-19","1987-01-04","Sales"
248706,"Panayotis","Azuma","1954-10-20","1988-05-14","Sales"
248979,"Bezalel","Pezzoli","1954-12-22","1985-08-16","Sales"
249261,"Gil","Pettis","1953-12-30","1986-09-21","Sales"
249852,"Ziya","Schade","1955-08-04","1986-08-23","Sales"
250528,"Abdulla","Barvinok","1955-03-07","1986-02-11","Sales"
250761,"Shigehito","Velasco","1955-08-12","1987-07-20","Sales"
251472,"Anwar","Huxford","1955-12-16","1987-09-01","Sales"
251940,"Tokuyasu","Conta","1954-05-23","1988-01-10","Sales"
252313,"Zijian","Ellozy","1954-02-24","1986-08-13","Sales"
252825,"Premsyl","Cannard","1953-07-24","1986-09-29","Sales"
252985,"Giordano","Ramsak","1952-10-10","1985-05-12","Sales"
253417,"Irene","Kalorkoti","1952-10-13","1986-10-12","Sales"
253465,"Rayond","Munke","1954-01-17","1986-12-14","Sales"
253548,"Felicidad","Malinowski","1953-11-23","1986-10-22","Sales"
254370,"Khedija","Schwartzburd","1954-08-05","1987-06-29","Sales"
254772,"Jaques","Marrakchi","1955-07-14","1985-12-18","Sales"
255035,"Reinhold","Erbe","1953-10-30","1986-10-30","Sales"
255517,"Niranjan","Schade","1955-03-21","1986-01-16","Sales"
255961,"Harngdar","Kopetz","1952-08-21","1985-03-30","Sales"
256461,"Khedija","Muniz","1953-02-16","1986-02-25","Sales"
256648,"Muzhong","Binkley","1955-09-29","1985-03-29","Sales"
256728,"Sajjan","Huxford","1953-11-23","1988-10-29","Sales"
256769,"Shiv","Barbanera","1954-12-03","1986-05-30","Sales"
257205,"Menkae","Heydon","1954-08-31","1987-03-25","Sales"
257276,"Eldridge","Schonegge","1952-06-26","1985-09-24","Sales"
257360,"Honglan","Otillio","1955-10-30","1985-12-09","Sales"
257915,"Subir","Noriega","1953-08-15","1985-12-28","Sales"
257953,"Kwangyoen","Alencar","1954-01-20","1986-07-29","Sales"
258192,"Tsuneo","Wegerle","1952-03-25","1987-09-30","Sales"
258273,"JoAnna","Maksimenko","1955-06-02","1988-08-19","Sales"
258595,"Sadun","Baumann","1954-01-01","1985-10-09","Sales"
258632,"Fei","Slaats","1953-03-16","1987-01-09","Sales"
258716,"Shawna","Rabehasaina","1954-02-12","1987-08-28","Sales"
258777,"Manibrata","Lieberherr","1952-07-12","1987-06-16","Sales"
260388,"Abdelghani","Diderrich","1953-07-06","1987-02-21","Sales"
260420,"Yurii","Senzako","1955-01-30","1987-02-23","Sales"
261075,"Chandrasekaran","Esposito","1952-11-02","1988-08-22","Sales"
261446,"Erzsebet","Ligten","1952-04-19","1985-03-06","Sales"
261856,"Domenico","Gente","1953-11-29","1986-11-19","Sales"
262352,"Seongbae","Reistad","1954-03-01","1988-07-21","Sales"
262919,"Naftali","Gist","1952-03-17","1988-06-17","Sales"
263061,"Xiaobin","Jenevein","1954-06-27","1988-09-29","Sales"
263243,"Amstein","Giveon","1953-06-17","1985-04-19","Sales"
263714,"Yagil","Kleiser","1955-01-02","1987-06-11","Sales"
263892,"Elzbieta","Dymetman","1952-04-21","1986-09-03","Sales"
264138,"Mara","Garrabrants","1952-06-04","1986-08-07","Sales"
264144,"Saeed","Cronin","1953-09-26","1986-12-01","Sales"
264649,"Kwee","Benantar","1953-05-19","1988-12-28","Sales"
264688,"Jovan","Kobara","1952-05-05","1988-05-31","Sales"
264955,"Souichi","Muniz","1954-12-07","1985-08-16","Sales"
265268,"Yoshinari","Lally","1953-06-26","1988-02-18","Sales"
265584,"Jayson","Vuskovic","1952-02-16","1987-07-16","Sales"
266239,"Henk","Schaar","1953-11-08","1985-07-12","Sales"
266389,"Armond","Pauthner","1953-01-29","1988-05-18","Sales"
266471,"Quingbo","Birke","1952-07-12","1986-03-11","Sales"
266500,"Hidekazu","Brickell","1952-12-27","1987-03-01","Sales"
266849,"Gill","Asmuth","1955-06-02","1985-09-16","Sales"
267702,"Gritta","Tzvieli","1953-03-29","1985-04-24","Sales"
267706,"Miomir","Rusterholz","1952-10-11","1987-12-18","Sales"
268313,"Arlette","Showalter","1953-10-28","1986-06-08","Sales"
269029,"Fan","Bouloucos","1952-11-05","1987-11-01","Sales"
269157,"Leaf","Asrin","1954-09-10","1985-10-31","Sales"
269252,"Behnaam","Schwartzbauer","1955-08-28","1986-10-17","Sales"
269268,"Khatoun","Steinauer","1954-04-26","1988-12-24","Sales"
269270,"Manohar","Melton","1955-06-04","1985-04-16","Sales"
269813,"Chaitali","Egerstedt","1953-09-20","1988-11-03","Sales"
269878,"Premal","Oehlmann","1954-01-09","1985-03-21","Sales"
269913,"Alain","Jervis","1953-01-11","1987-12-06","Sales"
270004,"Annemarie","Keirsey","1953-01-17","1986-09-27","Sales"
270099,"Krister","Rosaz","1955-03-25","1986-08-02","Sales"
270151,"Christoph","Chiodo","1953-07-26","1988-07-10","Sales"
271179,"Jaewoo","Murrill","1953-02-17","1988-12-09","Sales"
271560,"Mohan","Papastamatiou","1953-03-28","1987-04-01","Sales"
272324,"Toshiko","Feinberg","1953-02-21","1986-06-13","Sales"
272418,"Golgen","Versino","1952-04-11","1985-04-10","Sales"
272625,"Hitomi","Roccetti","1952-12-03","1986-05-20","Sales"
273067,"Matk","Barinka","1953-01-29","1987-01-04","Sales"
273326,"Aksel","Gulik","1955-11-25","1986-01-14","Sales"
273658,"Jaana","Lipner","1955-04-03","1988-11-27","Sales"
273831,"Kousuke","Farrar","1952-08-10","1986-06-07","Sales"
273878,"Subhada","Cannard","1954-09-24","1987-05-09","Sales"
273933,"Sreenivas","Parfitt","1953-03-11","1987-10-17","Sales"
274181,"Yechezkel","Fortenbacher","1952-05-21","1985-05-09","Sales"
274251,"Heon","Kadhim","1952-12-21","1985-10-14","Sales"
274574,"Chirstian","Bharadwaj","1955-10-16","1985-08-03","Sales"
274704,"Masanao","Rothe","1955-11-19","1987-06-14","Sales"
274910,"Parke","Braccini","1952-10-23","1987-04-19","Sales"
275120,"Jaideep","Aamodt","1954-01-24","1986-07-16","Sales"
275739,"Patricio","Snyers","1953-03-18","1988-08-07","Sales"
275880,"Geraldo","Picaronny","1953-11-02","1985-08-12","Sales"
276289,"Yuchang","Gilg","1953-02-04","1987-11-16","Sales"
276455,"Remko","Awdeh","1954-09-11","1985-04-26","Sales"
276633,"Shin","Birdsall","1954-01-27","1987-10-08","Sales"
276657,"Reinhold","Wrigley","1952-07-30","1986-11-02","Sales"
276722,"Uzi","Verhoeff","1955-11-16","1986-04-19","Sales"
276954,"Shahaf","Matteis","1954-01-03","1985-09-10","Sales"
277248,"Barna","Erni","1953-10-15","1987-02-05","Sales"
278353,"Junichi","Kalsbeek","1953-11-23","1985-05-19","Sales"
278360,"Gregory","Bottner","1955-10-10","1988-06-27","Sales"
278886,"Divier","Escriba","1955-12-31","1986-03-23","Sales"
279288,"Patricio","Masand","1954-09-24","1986-04-26","Sales"
279478,"Steve","Zyda","1954-04-05","1985-05-21","Sales"
280088,"Iara","Llado","1954-05-18","1985-10-04","Sales"
281070,"Chenye","Shanbhogue","1953-08-06","1985-11-06","Sales"
281416,"Sadun","Kuzuoka","1955-09-12","1986-05-14","Sales"
281928,"Lidong","Gewali","1955-06-26","1988-03-01","Sales"
281981,"Youssef","Ishibashi","1952-02-26","1988-10-18","Sales"
282096,"Zvonko","Zobel","1953-04-13","1987-04-13","Sales"
282683,"Danny","Biran","1955-07-24","1987-10-28","Sales"
283114,"Vishv","Pettit","1952-07-01","1987-01-15","Sales"
283209,"Abdelghani","Seiwald","1954-10-22","1988-06-20","Sales"
283557,"Hironobu","Teitelbaum","1954-01-22","1987-10-23","Sales"
283740,"Stella","Selenyi","1955-10-23","1986-10-12","Sales"
284492,"Armond","Birsak","1954-05-28","1987-03-05","Sales"
285781,"Hein","Picaronny","1953-02-06","1985-06-04","Sales"
285789,"Uli","Welham","1952-12-29","1986-05-11","Sales"
286016,"Shigehito","Peha","1955-01-10","1987-10-28","Sales"
286195,"Karlis","Hofting","1955-06-11","1988-03-21","Sales"
286219,"Gita","Rehfuss","1954-08-24","1986-02-24","Sales"
286444,"Marin","Srimani","1952-09-14","1986-02-22","Sales"
286632,"Bingning","Ghemri","1952-03-11","1987-02-23","Sales"
286710,"Suebskul","Jording","1953-10-28","1988-06-28","Sales"
286878,"Sakthirel","Otillio","1953-05-03","1988-06-20","Sales"
287033,"Pradeep","Pettey","1955-07-21","1987-10-28","Sales"
287347,"Noritoshi","Melton","1954-10-14","1988-11-22","Sales"
287680,"Youssef","Rande","1954-08-10","1986-02-06","Sales"
287876,"Yinlin","Hardjono","1953-07-29","1988-12-08","Sales"
288393,"Bernd","Lakshmanan","1955-09-20","1986-11-23","Sales"
288590,"Hailing","Reeken","1954-10-08","1988-08-17","Sales"
288801,"Otmar","Birge","1955-11-08","1988-10-30","Sales"
289982,"Gil","Erol","1952-07-08","1987-04-21","Sales"
290561,"Genki","Melter","1952-03-08","1986-06-28","Sales"
290564,"Teunis","Ghandeharizadeh","1954-02-16","1988-03-04","Sales"
292458,"Akeno","Armand","1955-11-28","1986-07-23","Sales"
292499,"Takahira","Mayerwieser","1954-06-12","1986-05-04","Sales"
292904,"Gopalakrishnan","Uhrik","1954-10-22","1988-11-29","Sales"
293177,"Marlo","Fairtlough","1954-07-26","1987-07-22","Sales"
293693,"Tokuyasu","Baumann","1954-07-20","1985-04-23","Sales"
293914,"Jungsoon","Garrabrants","1953-12-30","1986-07-22","Sales"
293916,"Goncalo","Steinauer","1955-04-11","1985-02-13","Sales"
294193,"Subhankar","Pettey","1953-03-12","1986-05-01","Sales"
294501,"Claude","Roohalamini","1955-11-16","1986-06-19","Sales"
294692,"Marie","Lakshmanan","1954-05-17","1988-01-31","Sales"
294742,"Neelam","Brender","1954-09-30","1987-01-20","Sales"
294930,"Remmert","Baik","1954-12-15","1986-01-19","Sales"
294932,"Aram","Perly","1952-09-29","1988-04-07","Sales"
295800,"Jingling","Weisert","1952-07-14","1986-08-17","Sales"
296857,"Toshimo","Reghbati","1953-01-26","1986-12-11","Sales"
297100,"Bangqing","Schaap","1954-09-07","1986-08-31","Sales"
297552,"Claudi","Buchter","1954-07-26","1985-09-23","Sales"
297895,"Fen","Hebden","1953-11-11","1987-06-12","Sales"
298093,"Masanao","Birke","1954-03-23","1987-06-16","Sales"
298224,"Val","Schmiedel","1953-11-09","1986-10-15","Sales"
298598,"Bouchung","Vandervoorde","1954-03-21","1988-10-14","Sales"
299225,"Hilari","Lorho","1954-04-22","1985-03-19","Sales"
299709,"Jinxi","Marrevee","1955-11-14","1987-10-30","Sales"
299814,"Kiam","Ritzmann","1955-04-22","1987-02-25","Sales"
400339,"Shaibal","Varley","1954-05-17","1985-11-25","Sales"
400340,"Gio","Famili","1953-11-17","1987-10-21","Sales"
400425,"Stamatina","Pileggi","1953-04-11","1987-04-28","Sales"
400472,"Leen","Sinitsyn","1954-03-26","1985-12-07","Sales"
400592,"Monique","Swist","1954-03-15","1985-09-28","Sales"
401522,"Richard","Stifter","1955-04-24","1986-05-01","Sales"
401759,"Kinh","Ramsay","1955-09-26","1985-03-26","Sales"
401983,"Pranay","Mamelak","1955-10-19","1987-09-23","Sales"
402115,"Izaskun","Rijckaert","1953-03-15","1988-04-29","Sales"
402574,"Chikako","Birge","1953-10-01","1986-10-06","Sales"
404009,"Irena","Codenie","1955-05-01","1985-09-09","Sales"
404171,"Richara","Berstel","1953-12-13","1985-02-12","Sales"
404234,"Khoa","Nastansky","1952-10-19","1986-12-12","Sales"
404751,"Sreenivas","Luke","1954-01-07","1987-10-07","Sales"
405301,"Mayuri","Kulisch","1952-12-21","1986-08-21","Sales"
405453,"Surveyors","Peres","1955-05-04","1988-07-13","Sales"
405599,"Margo","Godskesen","1953-08-31","1985-12-17","Sales"
405667,"Makato","McDermid","1954-11-11","1985-12-14","Sales"
406047,"Erzsebet","Cooley","1953-09-09","1985-10-01","Sales"
406088,"Uzi","Henders","1955-04-16","1986-08-19","Sales"
406412,"Sushant","Guerreiro","1955-08-02","1987-11-07","Sales"
406884,"Xiping","Peltason","1953-01-30","1987-03-27","Sales"
407116,"Bokyung","Lorho","1954-06-29","1985-10-22","Sales"
407240,"Khue","Bach","1953-11-21","1986-07-24","Sales"
407654,"Shaowei","Ghemri","1954-07-01","1985-04-01","Sales"
407766,"Yoshinari","Schmittgen","1954-12-07","1985-08-01","Sales"
408159,"Luisa","Milicia","1955-11-05","1985-09-17","Sales"
408247,"Tamiya","Stenning","1952-05-19","1985-12-16","Sales"
408328,"Karlis","Melton","1955-01-29","1985-07-23","Sales"
408577,"Ibibia","Schwabacher","1953-01-02","1985-09-11","Sales"
408822,"Baziley","Farrag","1952-02-28","1986-07-07","Sales"
408959,"Richard","Linnainmaa","1954-08-16","1987-02-04","Sales"
409303,"DeForest","Gulik","1955-02-05","1986-04-12","Sales"
409767,"Maja","Ruther","1952-03-17","1986-03-13","Sales"
410307,"Aleksander","Simmen","1952-03-10","1986-02-19","Sales"
410365,"Mayuko","Eldridge","1955-03-23","1986-07-17","Sales"
410824,"Satosi","Warwick","1952-02-28","1987-08-12","Sales"
411881,"Jiang","Jording","1955-05-18","1987-08-13","Sales"
411905,"Basim","Cronin","1954-12-17","1987-07-13","Sales"
411908,"Leaf","Fadgyas","1953-04-28","1988-04-27","Sales"
412072,"Bezalel","Rindone","1954-02-19","1988-03-16","Sales"
412303,"Sanjai","Kusakari","1952-09-09","1988-10-29","Sales"
412371,"Elzbieta","Delgrossi","1953-05-23","1986-11-05","Sales"
413160,"Tadanori","Felcyn","1954-06-16","1986-12-21","Sales"
413501,"Visit","Hartvigsen","1955-10-01","1986-10-29","Sales"
413624,"Rayond","Simmel","1953-11-19","1986-03-06","Sales"
413774,"Jacqueline","Butterworth","1952-02-21","1988-01-22","Sales"
413791,"Jiong","Zaumen","1955-10-21","1985-12-04","Sales"
413985,"Neelam","Coombs","1954-11-24","1986-04-25","Sales"
414252,"Sedat","Pouyioutas","1954-07-19","1986-11-28","Sales"
414482,"Maya","Baalen","1953-09-17","1988-10-29","Sales"
415157,"Insup","Ananiadou","1952-02-22","1987-09-21","Sales"
415295,"Tran","Katalagarianos","1955-10-07","1986-11-23","Sales"
415356,"Mostafa","Hofting","1952-10-14","1985-11-19","Sales"
415365,"Dipankar","Negoita","1954-02-28","1986-10-23","Sales"
415403,"Uri","Masand","1953-07-11","1987-04-07","Sales"
415424,"Adhemar","Savasere","1952-10-31","1986-08-15","Sales"
416879,"Bluma","Schrooten","1952-02-11","1985-12-10","Sales"
416880,"Shuichi","Felder","1955-11-24","1988-06-01","Sales"
417275,"Mohammed","Middleton","1953-01-25","1988-08-08","Sales"
417674,"Felicidad","Felcyn","1953-11-19","1988-11-19","Sales"
417807,"Uinam","Doering","1954-03-06","1985-06-03","Sales"
417841,"Freyja","Sridhar","1953-10-14","1988-02-18","Sales"
418329,"Aiichiro","Eiron","1955-03-01","1987-11-04","Sales"
418835,"Oguz","Bruckman","1954-09-24","1988-11-19","Sales"
419521,"Takushi","Furudate","1953-01-17","1986-07-12","Sales"
419638,"Lein","Birsak","1953-05-12","1985-08-30","Sales"
420562,"Anoosh","Danner","1954-04-04","1987-12-07","Sales"
421628,"Qunsheng","Schwartzbauer","1953-06-08","1987-05-29","Sales"
421930,"Chiradeep","Mateescu","1955-10-11","1986-05-05","Sales"
422083,"Fusako","Kowalchuk","1954-06-12","1985-02-20","Sales"
422542,"Bojan","Steenbeek","1954-01-03","1988-08-04","Sales"
424037,"Sumant","Langford","1954-09-21","1986-12-01","Sales"
424043,"Tetsurou","Gulik","1955-05-29","1985-12-26","Sales"
424425,"Fuqing","Isaac","1952-07-13","1988-06-28","Sales"
424563,"Rosli","Pileggi","1954-04-13","1988-07-29","Sales"
424564,"Kristina","Stasinski","1955-10-07","1987-01-25","Sales"
425301,"Sangeeta","Gien","1952-06-10","1987-11-18","Sales"
425942,"Frazer","Litvinov","1952-02-10","1986-01-02","Sales"
426193,"Huiqun","Rattan","1954-02-10","1985-03-23","Sales"
426406,"Irena","Ritzmann","1955-08-20","1988-03-21","Sales"
426417,"Alenka","Cardazo","1953-01-12","1986-08-02","Sales"
426573,"Hausi","Gonthier","1953-04-25","1987-07-27","Sales"
426684,"Neven","Sridhar","1954-02-17","1985-06-22","Sales"
427152,"Arunachalam","Lung","1953-07-17","1988-10-30","Sales"
427529,"Magy","Feldmann","1954-10-02","1988-04-14","Sales"
427841,"Shaz","Schaad","1955-02-20","1987-09-19","Sales"
427849,"Mayuri","Rindone","1955-12-02","1985-06-22","Sales"
428421,"Arne","Shanbhogue","1954-10-04","1986-12-19","Sales"
428630,"Jenwei","Orsini","1955-05-16","1988-11-25","Sales"
428969,"Gil","Raoux","1953-01-24","1987-10-31","Sales"
429435,"Fay","Perin","1953-04-16","1986-03-03","Sales"
430051,"Muneo","Rodier","1955-12-09","1988-12-03","Sales"
431214,"Navid","DuCasse","1952-03-11","1987-05-05","Sales"
431480,"Zhigen","Christ","1953-08-14","1988-11-22","Sales"
432106,"Kirk","Thorelli","1955-12-21","1986-05-17","Sales"
432516,"Arlette","Karcich","1953-03-12","1985-04-30","Sales"
433679,"Serenella","Katzenelson","1953-02-22","1988-12-25","Sales"
433732,"Miquel","Chepyzhov","1955-08-15","1985-06-05","Sales"
433938,"Venkatesan","Azadmanesh","1953-08-26","1986-10-17","Sales"
434023,"Kristian","Worfolk","1954-01-03","1987-07-02","Sales"
435313,"Fun","Vitiello","1954-02-21","1988-11-09","Sales"
436467,"Rafael","Edelhoff","1955-09-13","1988-03-22","Sales"
436847,"Dinah","Noriega","1952-06-19","1988-01-01","Sales"
437241,"Angus","Moffat","1952-08-10","1987-05-28","Sales"
437412,"Shahab","Shinomoto","1954-06-22","1985-09-18","Sales"
437471,"Zijian","Plesums","1955-09-18","1988-01-06","Sales"
438289,"Kiyokazu","Collavizza","1954-11-12","1988-03-01","Sales"
438535,"Debaprosad","Halevi","1955-03-27","1988-06-22","Sales"
438551,"Randy","Vingron","1954-07-30","1985-09-30","Sales"
438584,"Sangeeta","Pero","1953-02-04","1985-05-28","Sales"
438716,"Marin","Schmiedel","1954-11-10","1987-05-07","Sales"
439018,"Gay","Scharstein","1953-10-29","1985-03-25","Sales"
439337,"Alair","DiGiano","1953-03-28","1985-06-12","Sales"
440323,"Ravishankar","Radwan","1955-06-09","1985-11-30","Sales"
440898,"Lobel","Furudate","1954-03-25","1988-01-16","Sales"
441371,"Vidya","Leppanen","1955-07-08","1986-05-14","Sales"
441480,"Bezalel","Spataro","1954-02-19","1988-11-06","Sales"
441773,"Shigenori","Cesareni","1954-09-29","1988-07-29","Sales"
442071,"Mandell","Smailagic","1952-07-28","1987-05-27","Sales"
442862,"Munehiro","Dayang","1952-09-02","1987-05-05","Sales"
443557,"Ute","Androutsos","1953-10-20","1985-12-10","Sales"
443631,"Bingning","Braunmuhl","1953-08-11","1988-05-01","Sales"
443794,"Takahira","Kroll","1955-10-18","1985-08-28","Sales"
444163,"Uriel","Gente","1954-03-01","1987-03-21","Sales"
444553,"Nikolaus","Gluchowski","1954-05-11","1987-01-05","Sales"
444732,"Yunming","Cromarty","1952-06-10","1985-12-02","Sales"
444775,"Satosi","Krider","1953-07-10","1988-06-26","Sales"
444858,"Rosli","Fandrianto","1953-01-16","1985-06-14","Sales"
445223,"Sachin","Ruemmler","1954-09-23","1986-11-15","Sales"
445391,"Tesuro","Hopewell","1955-12-14","1987-02-28","Sales"
445412,"Odinaldo","Ratzlaff","1953-10-24","1985-07-11","Sales"
445485,"Nevin","Swiler","1955-09-21","1986-07-21","Sales"
445562,"Alair","Pietracaprina","1954-08-23","1986-05-27","Sales"
445840,"Marko","Czaja","1954-11-26","1985-12-10","Sales"
446128,"Filipe","Rajaraman","1953-08-04","1986-12-20","Sales"
446891,"Susanta","Heuser","1953-03-04","1988-09-29","Sales"
447240,"Maja","Riefers","1953-12-25","1987-11-06","Sales"
447396,"Kazuyasu","Oberman","1953-01-19","1988-02-08","Sales"
447593,"Serif","Suwa","1952-10-15","1985-10-21","Sales"
447849,"Izaskun","Wissmann","1952-04-19","1987-05-20","Sales"
448394,"Parke","Atchley","1952-02-08","1985-06-19","Sales"
448795,"Jolita","Brlek","1953-09-09","1985-04-17","Sales"
448813,"Khosrow","Mullainathan","1952-07-22","1986-06-11","Sales"
449577,"Serap","Brobst","1953-07-19","1988-11-25","Sales"
449913,"Oscar","Linares","1954-03-10","1987-09-20","Sales"
450893,"Ulises","Gerlach","1954-07-02","1985-08-31","Sales"
450958,"Ferdinand","Hardjono","1953-11-06","1988-10-22","Sales"
450990,"Randi","Ramras","1953-01-10","1986-05-01","Sales"
452761,"Vishwani","Hellwagner","1952-09-29","1985-09-25","Sales"
453155,"Rosella","Matzov","1955-06-11","1986-08-12","Sales"
453235,"Unal","Harbusch","1955-04-08","1985-03-30","Sales"
453591,"Odoardo","Cullers","1952-08-21","1987-10-18","Sales"
453716,"Kiyomitsu","Tsukuda","1955-10-25","1987-06-08","Sales"
453912,"Inderjeet","Osgood","1955-07-28","1986-04-07","Sales"
454233,"Ewing","Bruckman","1952-08-04","1986-02-07","Sales"
455112,"Chaoyi","Rosen","1953-04-15","1985-06-07","Sales"
455464,"Willard","Crelier","1952-12-04","1985-10-29","Sales"
456174,"Vojin","Raczkowsky","1953-11-18","1985-05-07","Sales"
456601,"Zeljko","Sanella","1952-10-24","1985-10-18","Sales"
457387,"Nikolaus","Redmiles","1953-08-11","1988-09-04","Sales"
457459,"Huei","Schieder","1954-01-27","1985-04-26","Sales"
458017,"Sampalli","Pellegrinelli","1952-03-18","1987-02-01","Sales"
458391,"Martine","Cangellaris","1953-08-11","1986-09-22","Sales"
459342,"Niclas","Vidal","1954-07-04","1988-04-18","Sales"
459572,"Houman","Sewelson","1953-02-16","1987-09-20","Sales"
459750,"Danai","Ernst","1954-04-07","1987-07-24","Sales"
459877,"Shem","Demir","1954-12-30","1988-04-18","Sales"
460229,"Aimee","Avouris","1954-06-22","1986-09-18","Sales"
460361,"Roddy","Vieth","1952-04-27","1985-08-09","Sales"
460531,"Satyanarayana","Lagarias","1955-10-28","1988-06-11","Sales"
460853,"Guther","Stasinski","1952-09-23","1986-02-18","Sales"
461907,"Van","Negoita","1954-05-01","1987-11-29","Sales"
462073,"Alassane","Plump","1953-09-07","1986-10-08","Sales"
462271,"Feiyu","Redmiles","1953-04-25","1986-10-28","Sales"
462760,"Chenye","Baja","1953-07-28","1987-04-21","Sales"
463019,"Jovan","Figueira","1955-11-07","1988-04-04","Sales"
463431,"Lalit","Samarati","1953-10-08","1988-05-12","Sales"
463535,"Arch","Uhrik","1954-04-03","1987-05-27","Sales"
464346,"Bernardo","Bazzichi","1954-06-10","1988-03-04","Sales"
464365,"Shaowen","Krogh","1952-09-06","1987-07-01","Sales"
464555,"Kellyn","Zastre","1955-10-26","1986-10-11","Sales"
464857,"Limsoon","Magliocco","1954-04-11","1988-03-07","Sales"
465146,"Naftaly","Naumovich","1953-09-09","1987-02-23","Sales"
465392,"Laurentiu","Ruemmler","1954-10-10","1985-03-10","Sales"
465403,"Arunas","Spelt","1955-02-17","1988-07-18","Sales"
465603,"Uma","Lorch","1955-02-02","1988-02-09","Sales"
465681,"Stevo","Peral","1952-06-19","1985-09-13","Sales"
465698,"Ranan","Demos","1953-08-27","1988-02-02","Sales"
465760,"Tristan","Cullers","1954-10-06","1988-07-26","Sales"
466701,"Frederique","Ashish","1952-11-20","1987-03-13","Sales"
466742,"Shridhar","Dalton","1955-06-28","1986-01-13","Sales"
466797,"Raimond","Thimonier","1953-06-08","1985-04-23","Sales"
467345,"Florian","Kobuchi","1955-02-18","1986-08-15","Sales"
467804,"Billie","Merli","1953-06-28","1988-09-07","Sales"
468527,"Sibyl","Luan","1955-08-05","1986-08-17","Sales"
468884,"Marin","Cusworth","1953-01-18","1985-04-21","Sales"
469204,"Kayoko","Madeira","1954-11-24","1985-09-13","Sales"
469386,"Cristinel","Cangellaris","1952-06-18","1986-07-30","Sales"
469769,"Ewing","Pelz","1954-01-28","1987-02-17","Sales"
469958,"Mikhail","Orlowska","1952-07-29","1988-05-28","Sales"
470533,"Sakthirel","Comellas","1952-10-02","1988-09-18","Sales"
470689,"Tomofumi","Koprowski","1953-02-17","1987-09-25","Sales"
470976,"Snehasis","Dredge","1952-12-19","1987-07-25","Sales"
471375,"Youssef","Beeson","1953-07-17","1987-09-11","Sales"
471505,"Amalendu","Debuse","1955-12-28","1986-01-31","Sales"
471679,"Suzette","Bazelow","1954-08-20","1988-10-25","Sales"
472295,"Sastry","Molberg","1952-10-23","1985-06-17","Sales"
472504,"Nobuyoshi","Riefers","1955-12-31","1986-08-01","Sales"
472678,"Mitsuyuki","Gruenwald","1952-02-02","1985-12-04","Sales"
472706,"Kerryn","Morrin","1953-11-14","1987-03-01","Sales"
472723,"Arvind","Kowalchuk","1953-07-08","1985-07-04","Sales"
472853,"Gila","Limongiello","1954-12-23","1988-06-30","Sales"
473166,"Masamitsu","Erde","1954-07-02","1988-06-12","Sales"
473834,"Kish","Zobel","1954-12-02","1987-10-25","Sales"
474146,"Nathan","Emiris","1954-12-11","1985-08-18","Sales"
474728,"Kousuke","Fandrianto","1953-10-31","1987-10-24","Sales"
475108,"Basim","Hoppenstand","1952-10-05","1988-03-11","Sales"
475396,"Xiahua","Fiutem","1954-11-14","1986-09-28","Sales"
475508,"Heng","Miculan","1952-12-24","1985-12-22","Sales"
476584,"Gonzalo","Noriega","1955-02-17","1985-11-17","Sales"
477302,"Chenxi","Budinsky","1954-05-07","1986-04-18","Sales"
477673,"Mizuhito","Woycyznski","1954-12-15","1986-01-29","Sales"
477906,"Mahendra","Varley","1952-11-04","1985-03-07","Sales"
478012,"Mostafa","Leivant","1952-10-26","1988-05-02","Sales"
478088,"Ung","Vanwelkenhuysen","1953-10-16","1986-08-04","Sales"
478250,"Ranan","Rissland","1955-02-26","1986-04-05","Sales"
479467,"Gully","Sommer","1952-11-10","1988-08-08","Sales"
480159,"Kazuhiko","Buescher","1954-01-06","1988-05-28","Sales"
480670,"Sanjoy","Penz","1953-01-16","1987-07-21","Sales"
480845,"Adamantios","Beidas","1954-10-03","1986-12-03","Sales"
481079,"Sibyl","Fiutem","1952-03-19","1986-08-31","Sales"
481537,"Yucai","Munch","1955-10-13","1986-08-19","Sales"
481975,"Dayanand","Gruenwald","1955-08-05","1987-07-06","Sales"
482640,"Shmuel","Chandrasekhar","1955-05-15","1988-12-12","Sales"
483240,"Urs","Ruemmler","1952-07-11","1986-07-04","Sales"
483353,"Mizuhito","Litvinov","1953-02-06","1985-02-17","Sales"
483951,"Teunis","Parhami","1953-03-24","1985-10-02","Sales"
483983,"Shigeu","Ravishankar","1955-06-04","1985-11-02","Sales"
484183,"Udi","Cronin","1955-02-21","1987-04-18","Sales"
484208,"Lidong","Ebeling","1952-03-23","1986-09-09","Sales"
484342,"Guangming","Delgrange","1954-12-09","1988-09-11","Sales"
484396,"Janalee","Lortz","1954-09-25","1988-04-24","Sales"
484619,"Fei","Fargier","1953-02-27","1988-04-18","Sales"
485058,"Jamaludin","Curless","1952-12-13","1986-08-17","Sales"
485244,"George","Bage","1954-08-11","1987-07-26","Sales"
485777,"Piyush","Siepmann","1955-03-03","1987-01-11","Sales"
486754,"Nevio","Dymetman","1955-11-05","1988-05-19","Sales"
486867,"Honglan","Gladwell","1953-06-24","1988-02-04","Sales"
487152,"Radhia","Stamatiou","1953-06-08","1985-11-12","Sales"
487258,"Larisa","Kroll","1953-05-30","1987-06-09","Sales"
487358,"Godehard","Katalagarianos","1954-08-10","1988-11-15","Sales"
487538,"Tomokazu","Douceur","1955-02-14","1985-05-08","Sales"
487579,"Zhongwei","Maksimenko","1952-05-14","1986-04-05","Sales"
488222,"Taisook","Kleiser","1952-09-15","1986-11-03","Sales"
488403,"Arra","Klerer","1954-09-04","1987-09-08","Sales"
488630,"Heejo","Muhling","1952-10-19","1986-09-08","Sales"
488928,"Adel","Bazelow","1955-08-17","1988-01-26","Sales"
489410,"Falguni","Ratnakar","1953-05-28","1985-05-02","Sales"
489585,"Janalee","Callaway","1955-12-17","1987-05-18","Sales"
490215,"Dannz","Bennis","1953-03-22","1986-05-13","Sales"
490397,"Sorina","Heuter","1955-07-10","1987-02-07","Sales"
490468,"Fayez","Vidal","1954-02-13","1987-01-03","Sales"
490660,"Ramzi","Haddadi","1955-06-12","1988-01-11","Sales"
490713,"Reuven","Strandh","1954-06-17","1986-04-09","Sales"
490722,"Sumant","Prochazka","1952-05-22","1986-10-05","Sales"
490827,"Hyuncheol","Vitiello","1952-09-07","1986-01-29","Sales"
491269,"Jixiang","Egerstedt","1952-04-02","1987-11-22","Sales"
491287,"Marin","Bodoff","1954-06-28","1985-03-12","Sales"
491433,"Remzi","Bodoff","1953-08-14","1987-01-01","Sales"
491459,"Jiann","Gewali","1953-09-26","1986-05-02","Sales"
491475,"Chiradeep","Kitsuregawa","1955-11-15","1988-03-01","Sales"
492236,"Xiaocheng","Delgrande","1952-07-10","1988-07-22","Sales"
492337,"Greger","Junet","1955-11-26","1986-05-19","Sales"
492431,"Hsiangchu","Verhaegen","1952-02-24","1987-03-22","Sales"
492614,"Xiaoshan","Frolund","1952-10-07","1986-06-02","Sales"
492831,"Yonghong","Liesche","1955-06-30","1988-09-21","Sales"
493747,"Wayne","Ibel","1953-08-02","1986-12-25","Sales"
493761,"Giap","Arlazarov","1952-02-27","1985-02-17","Sales"
493800,"Constantine","Zallocco","1953-07-09","1985-08-03","Sales"
494044,"Angel","Glinert","1954-09-08","1986-03-05","Sales"
494105,"Mabhin","Himler","1953-07-22","1988-03-11","Sales"
494128,"Brewster","Chiodo","1954-02-20","1987-06-20","Sales"
494136,"Florian","Edelhoff","1955-12-16","1986-05-06","Sales"
494460,"Horward","Jervis","1952-05-30","1986-07-08","Sales"
494722,"Joydip","Bhattacharjee","1955-06-22","1986-10-06","Sales"
494835,"Yongqiao","Compeau","1955-04-10","1987-12-31","Sales"
495061,"Wojceich","Zirintsis","1955-02-07","1986-09-09","Sales"
495287,"Babette","Fontet","1954-01-21","1988-02-18","Sales"
495874,"Youngkon","Chenney","1953-03-01","1988-01-02","Sales"
495884,"Moto","Kragelund","1955-02-25","1986-02-16","Sales"
496077,"Anyuan","Albarhamtoshy","1952-11-03","1985-12-17","Sales"
496252,"Marc","Weedman","1952-08-03","1987-07-28","Sales"
496781,"Ronnie","Peris","1952-11-17","1986-06-06","Sales"
497653,"Changho","Leaver","1952-10-23","1986-10-25","Sales"
498150,"Yakkov","Pellegrinelli","1952-08-28","1988-02-20","Sales"
498165,"Christoph","Stavenow","1954-07-30","1986-04-12","Sales"
498356,"Patricia","Baba","1955-11-08","1987-08-31","Sales"
498478,"Kwee","Feldmann","1953-06-26","1988-08-11","Sales"
498814,"Alagu","Gecsei","1952-05-21","1985-10-21","Sales"
499035,"Lene","Neiman","1952-02-24","1986-09-27","Sales"
499318,"Hideyuki","Ozeki","1953-11-28","1988-02-22","Sales"
499379,"Denny","Rikino","1954-05-19","1987-11-26","Sales"
499689,"Kinh","Sommer","1955-07-30","1985-03-08","Sales"
10149,"Xiadong","Perry","1953-05-20","1986-11-05","Sales"
10355,"Satyanarayana","Cochrane","1952-12-10","1987-11-15","Sales"
11146,"Ishfaq","Masand","1954-06-25","1988-03-21","Sales"
11197,"Tadahiro","Fordan","1955-05-11","1986-04-13","Sales"
11441,"Marlo","Aingworth","1954-11-16","1987-03-27","Sales"
11696,"Dante","Rothe","1954-10-26","1985-10-23","Sales"
12011,"Zhilian","Coorg","1953-12-16","1988-07-22","Sales"
13986,"Geraldo","Ramsey","1952-02-16","1985-02-28","Sales"
14478,"Munehiro","Boissier","1952-05-01","1987-06-25","Sales"
14513,"Samphel","Barreiro","1953-08-02","1985-07-28","Sales"
14516,"Kristian","Underwood","1955-10-19","1986-11-26","Sales"
14648,"IEEE","Lorys","1955-03-28","1986-11-16","Sales"
14865,"Ute","Serra","1955-08-28","1986-07-13","Sales"
14888,"Temple","Barriga","1952-02-14","1986-12-09","Sales"
15105,"Sudhanshu","Itzigehl","1953-03-11","1986-06-09","Sales"
15271,"Shiv","Bernardeschi","1953-10-17","1986-12-05","Sales"
15292,"Miyeon","Lammel","1954-12-26","1986-07-31","Sales"
16266,"Mikhail","Sethi","1952-03-12","1985-10-25","Sales"
16399,"Apostol","Collette","1954-06-04","1988-07-12","Sales"
17063,"Anoosh","Thiran","1952-05-18","1985-12-12","Sales"
17695,"Kazuhiro","Chvatal","1952-04-04","1987-06-25","Sales"
18024,"Uzi","Casperson","1952-08-04","1987-12-14","Sales"
18492,"Turgut","Brickell","1955-08-26","1987-05-21","Sales"
18581,"Mitsuyuki","Ranai","1953-01-19","1987-07-23","Sales"
18706,"Debaprosad","Schicker","1955-03-16","1987-08-17","Sales"
18725,"Cullen","Marchegay","1955-12-29","1985-12-02","Sales"
18771,"Domenick","Haraldson","1953-01-20","1987-07-19","Sales"
19419,"Palash","Bernardeschi","1953-05-08","1988-11-25","Sales"
19629,"Stepehn","Matzke","1954-01-18","1987-08-29","Sales"
19723,"Xuejun","Magalhaes","1955-10-17","1988-01-19","Sales"
20042,"Margareta","Munck","1955-10-18","1987-03-23","Sales"
20148,"Ibibia","Polupanov","1953-03-28","1988-06-02","Sales"
20325,"Katsuyuki","England","1952-08-06","1988-03-22","Sales"
20534,"Rosita","Kalloufi","1952-11-11","1986-12-17","Sales"
20813,"Srinidhi","Sinicrope","1952-07-17","1986-10-02","Sales"
20836,"Jingling","Alameldin","1955-01-15","1986-12-20","Sales"
20964,"Clyde","Erez","1955-06-08","1985-11-30","Sales"
20979,"Pradeep","Kumaresan","1955-01-19","1985-09-30","Sales"
21143,"Mayumi","Hennings","1953-04-13","1985-11-25","Sales"
21509,"Udo","Rubsam","1952-04-03","1985-05-21","Sales"
21697,"Billur","Luke","1953-11-22","1987-12-20","Sales"
22095,"Breannda","Schlumberger","1953-08-18","1986-04-06","Sales"
22381,"Uma","Openshaw","1955-03-24","1988-02-26","Sales"
22894,"Muzhong","Casley","1955-08-30","1985-02-17","Sales"
23290,"Parviz","Papsdorf","1953-03-10","1987-08-31","Sales"
23314,"Krassimir","Demizu","1952-08-16","1985-07-24","Sales"
23532,"Duke","Bardell","1953-09-03","1987-09-30","Sales"
23834,"Bedir","Harllee","1953-08-03","1988-08-09","Sales"
23952,"Valdiodio","Oehlmann","1952-07-18","1988-07-26","Sales"
24166,"Niranjan","Chinal","1952-07-29","1985-05-19","Sales"
24932,"Charmane","Erbe","1955-08-27","1986-04-19","Sales"
25537,"Akeel","Ibel","1952-05-07","1986-06-02","Sales"
25908,"Sachio","Nations","1955-11-26","1988-06-28","Sales"
26006,"Subhash","Riexinger","1955-10-02","1987-06-19","Sales"
26172,"Sedat","Bahr","1955-06-02","1987-08-08","Sales"
27762,"Boalin","Griswold","1954-06-06","1988-06-05","Sales"
27814,"Shigenori","Angelov","1955-05-24","1985-02-24","Sales"
28161,"Kwan","Nicolson","1952-05-13","1987-06-05","Sales"
28358,"Constantino","Salinas","1954-01-24","1985-06-04","Sales"
28619,"Pragnesh","Majewski","1952-04-05","1987-12-04","Sales"
29527,"Adamantios","Oaver","1955-05-30","1986-11-06","Sales"
29596,"Geoff","Lueh","1953-06-09","1985-08-01","Sales"
29915,"JoAnne","Maquelin","1953-08-26","1987-03-12","Sales"
30899,"Dannz","Keirsey","1955-04-19","1988-12-08","Sales"
31131,"Conal","Zolotykh","1953-10-13","1987-05-27","Sales"
31372,"Padma","Zaccaria","1953-12-20","1988-11-18","Sales"
32001,"Mari","Attimonelli","1952-10-16","1987-04-19","Sales"
32167,"Christophe","Sury","1954-03-28","1985-07-21","Sales"
32487,"Neven","Hambrick","1953-02-15","1986-08-25","Sales"
32871,"DeForest","Rullman","1955-07-19","1985-05-02","Sales"
33423,"Jinpo","Koblick","1955-06-17","1987-07-13","Sales"
33555,"Wojceich","Kawashima","1955-06-21","1986-03-27","Sales"
34030,"Nobuyoshi","Rodiger","1952-10-30","1985-07-09","Sales"
34597,"Jouko","Bolotov","1952-06-30","1987-03-22","Sales"
34881,"Krister","Schapiro","1953-05-13","1987-04-16","Sales"
35042,"Nahid","Servieres","1955-06-18","1986-12-05","Sales"
36880,"Dzung","Setlzner","1954-09-19","1986-11-02","Sales"
37244,"Sampalli","Iacovou","1954-12-02","1985-03-23","Sales"
37263,"Aris","Rotem","1954-04-15","1986-05-13","Sales"
37454,"KayLiang","Bernardeschi","1952-07-28","1986-02-04","Sales"
38011,"Jongsuk","Fadgyas","1955-12-07","1988-03-22","Sales"
38951,"Terresa","Rijckaert","1952-09-03","1988-10-29","Sales"
39143,"Flemming","Salverda","1952-11-21","1987-09-18","Sales"
39806,"Shuzo","Rosenbaum","1955-01-12","1985-07-31","Sales"
40217,"Padma","Shokrollahi","1955-12-10","1987-10-31","Sales"
40739,"Kazuhiko","Itzfeldt","1955-09-01","1987-03-19","Sales"
41187,"Jacqueline","Maquelin","1955-12-27","1986-08-07","Sales"
41197,"Vesna","Stille","1954-03-24","1988-03-19","Sales"
41280,"Felicidad","Czap","1952-05-24","1986-09-07","Sales"
41420,"IEEE","Domenig","1953-10-07","1987-08-02","Sales"
41759,"Charmane","Lagarias","1953-02-01","1985-05-16","Sales"
41857,"Munehiko","Beznosov","1953-04-27","1986-01-03","Sales"
41885,"Val","Validov","1952-10-10","1986-02-16","Sales"
42007,"Tsz","Pokrovskii","1953-12-30","1987-09-01","Sales"
42333,"Woody","Hainaut","1955-12-23","1986-04-25","Sales"
43013,"Mechthild","Petersohn","1953-02-26","1985-07-26","Sales"
43014,"Vitali","Olivero","1954-07-18","1988-04-22","Sales"
43078,"Radhia","Wuwongse","1953-02-11","1988-02-22","Sales"
43445,"Sudhanshu","Calkin","1955-02-20","1987-03-31","Sales"
43594,"Moni","Hoogerwoord","1954-05-17","1988-04-26","Sales"
43689,"Almudena","Bugrara","1952-09-04","1987-07-31","Sales"
44465,"Brigham","Teitelbaum","1955-06-04","1987-03-17","Sales"
44607,"Sachem","Valtorta","1952-02-20","1987-11-18","Sales"
44785,"Phule","Kriebel","1952-09-13","1987-06-23","Sales"
44856,"Amabile","Seuren","1953-01-07","1986-12-26","Sales"
45005,"Tamiya","Blokdijk","1953-04-24","1985-02-20","Sales"
45092,"Francesca","Chandrasekhar","1955-07-15","1987-09-11","Sales"
45488,"Shigehiro","Shackel","1955-09-02","1988-01-27","Sales"
45514,"Jessie","Alpin","1955-02-15","1986-01-03","Sales"
46250,"Yefim","Decleir","1953-05-24","1986-06-20","Sales"
47740,"Tamiya","Linares","1952-09-10","1985-03-07","Sales"
47969,"Tuval","Rosis","1955-12-18","1986-06-25","Sales"
48286,"Roded","Ranum","1954-11-10","1986-11-30","Sales"
48682,"Karoline","Sessa","1953-11-13","1985-03-13","Sales"
48984,"Ebru","Cronan","1954-12-30","1986-08-13","Sales"
49696,"Sandeepan","Bondorf","1952-09-28","1985-05-29","Sales"
49861,"Rosalyn","Zykh","1953-10-24","1985-12-13","Sales"
50479,"Mitsuyuki","Ramsey","1955-05-22","1987-01-23","Sales"
50838,"Adil","Skogmar","1953-10-18","1988-09-05","Sales"
50952,"Abdulah","Rathonyi","1955-07-30","1985-10-19","Sales"
50995,"Ugo","Bala","1952-08-21","1988-04-01","Sales"
51150,"Mona","Ferriere","1955-05-11","1985-07-24","Sales"
51791,"Marjo","Kroft","1953-06-03","1987-07-04","Sales"
52113,"Feixiong","Hiroyama","1953-09-20","1986-10-14","Sales"
52487,"Candido","Shackel","1952-04-01","1986-07-03","Sales"
52666,"Duri","Holburn","1955-03-25","1987-02-26","Sales"
52962,"Hein","Cappelli","1953-03-22","1988-01-12","Sales"
53030,"Aram","Farrag","1954-08-25","1986-06-05","Sales"
53464,"Odoardo","Andreotta","1953-01-30","1985-11-03","Sales"
53661,"Kaijung","Wixon","1954-09-13","1987-04-16","Sales"
53860,"Nahid","Masamoto","1953-07-28","1987-08-25","Sales"
54055,"Mitsuyuki","Famili","1953-04-07","1986-03-09","Sales"
54465,"Torsten","Bresenham","1953-07-28","1985-10-08","Sales"
55049,"Chenyi","Arlazarov","1955-06-10","1988-07-16","Sales"
55756,"Alair","Warwick","1952-05-01","1986-09-14","Sales"
55907,"Ghassan","Herbst","1953-04-10","1987-06-29","Sales"
55977,"Aram","Wynblatt","1955-03-27","1988-10-23","Sales"
56038,"Herbert","Murthy","1952-07-12","1987-08-16","Sales"
56350,"Boguslaw","Ariola","1954-11-05","1985-12-04","Sales"
56726,"Chuanti","Schmiedel","1955-03-25","1987-11-29","Sales"
56763,"Mahendra","Cangellaris","1953-06-14","1987-08-19","Sales"
57178,"Oldrich","Rousseau","1954-02-13","1988-02-28","Sales"
57525,"Herbert","Dechter","1952-02-29","1985-02-23","Sales"
58427,"Guozhong","Frezza","1952-07-05","1988-10-10","Sales"
58665,"Mabhin","Marquardt","1952-10-25","1986-06-27","Sales"
58807,"Murthy","Koshino","1954-07-14","1987-08-05","Sales"
58981,"Kazuhiko","Kushner","1952-04-11","1988-05-22","Sales"
59380,"Zvonko","Berendt","1955-12-11","1988-09-12","Sales"
59931,"Suzette","Sewelson","1954-03-12","1986-04-06","Sales"
60255,"Danae","Siochi","1955-10-24","1987-02-04","Sales"
60414,"Xuejia","Vitiello","1953-06-07","1986-01-30","Sales"
60453,"Larisa","Gammage","1953-12-17","1988-11-14","Sales"
60521,"Henk","Uhrik","1952-02-06","1987-07-08","Sales"
60664,"Serenella","Panwar","1952-11-05","1987-05-01","Sales"
60842,"Adam","Menhoudj","1953-10-17","1987-05-30","Sales"
61124,"Nechama","Waymire","1954-12-24","1986-01-02","Sales"
61210,"Itzchak","Rehfuss","1952-06-29","1985-06-12","Sales"
61259,"Shao","Puoti","1955-09-14","1986-05-31","Sales"
61315,"Kwun","Kalloufi","1955-07-03","1986-01-06","Sales"
61441,"Yongqiao","Jayawardene","1954-09-03","1986-01-31","Sales"
62137,"Rosalyn","Baalen","1954-09-09","1985-06-27","Sales"
62544,"Kazuhira","Serdy","1954-11-26","1985-08-02","Sales"
62947,"Rosli","Pillow","1952-03-15","1987-12-01","Sales"
63194,"Ipke","Schicker","1955-10-16","1985-03-22","Sales"
63376,"Kiyotoshi","Peir","1953-05-28","1987-04-14","Sales"
63437,"Boalin","Lowrie","1954-01-21","1985-10-09","Sales"
63497,"Anneli","Griswold","1955-12-10","1988-12-04","Sales"
63588,"Pintsang","Curless","1952-07-04","1988-07-23","Sales"
63777,"Duri","Braunschweig","1952-06-25","1987-02-02","Sales"
64290,"Hirochika","Merro","1952-06-16","1987-09-08","Sales"
64783,"Willard","Ramsey","1955-07-19","1988-06-03","Sales"
65392,"Poorav","Aseltine","1955-03-09","1987-01-16","Sales"
65493,"Zeydy","Cummings","1952-11-13","1986-04-14","Sales"
65515,"Phillip","Teitelbaum","1952-05-24","1985-02-02","Sales"
65600,"Jinxi","Mahmud","1952-11-19","1988-07-30","Sales"
65894,"Yakkov","Haraldson","1953-07-12","1987-11-05","Sales"
66445,"Kazuyasu","Zykh","1954-10-02","1987-12-19","Sales"
66605,"Chiranjit","Suermann","1954-12-09","1988-04-08","Sales"
66854,"Uno","Glinert","1952-05-23","1986-05-06","Sales"
67301,"Xuedong","Danlos","1953-10-17","1987-02-06","Sales"
67506,"Collette","Verhoeff","1953-11-19","1987-01-26","Sales"
67807,"Zissis","Ramalingam","1954-02-20","1988-04-08","Sales"
68500,"Leah","Stellhorn","1955-03-05","1988-10-11","Sales"
69602,"Naftaly","Litzkow","1953-08-03","1985-08-05","Sales"
69674,"Luerbio","Rabehasaina","1954-06-06","1988-07-24","Sales"
69790,"Werner","Leslie","1954-02-12","1985-02-27","Sales"
70610,"Djelloul","Bellmore","1952-04-22","1988-04-23","Sales"
70629,"Shay","DiGiano","1953-02-27","1988-12-27","Sales"
70666,"Ronghao","Veeraraghavan","1952-03-11","1988-02-22","Sales"
70675,"Edwin","Avouris","1952-04-01","1987-01-29","Sales"
70901,"Yonghoan","Knightly","1954-01-27","1985-07-02","Sales"
70909,"Shir","Wossner","1954-09-20","1986-05-30","Sales"
71118,"Chirstian","Tasistro","1952-10-05","1985-08-07","Sales"
71375,"Masoud","Khamsi","1954-08-18","1988-12-23","Sales"
71896,"Magdalena","Zobel","1953-02-04","1988-03-21","Sales"
72767,"Premal","Chiola","1953-03-07","1985-07-01","Sales"
72794,"Kazuhisa","Awdeh","1954-05-25","1985-10-07","Sales"
73237,"Sanjoy","Bonifati","1952-05-01","1987-01-31","Sales"
73387,"Noritoshi","Axelband","1954-01-29","1985-02-22","Sales"
73542,"Shigehito","Acton","1952-06-22","1988-07-02","Sales"
73595,"Nobuyoshi","Vandervoorde","1955-07-16","1985-04-04","Sales"
73761,"Mark","Birge","1954-06-03","1988-01-13","Sales"
73883,"Lihong","Comellas","1953-01-13","1988-06-03","Sales"
74513,"Zhigen","Rajcani","1955-10-26","1985-05-20","Sales"
74710,"Lein","Setiz","1952-12-02","1988-05-21","Sales"
75076,"Licheng","Ratnakar","1954-05-17","1986-11-03","Sales"
75081,"Vesna","Gien","1953-02-19","1986-01-29","Sales"
75133,"Tayeb","Spataro","1952-08-07","1986-05-29","Sales"
75134,"Rimli","Cullers","1955-04-09","1988-05-25","Sales"
75370,"Kwee","Alameldin","1953-05-28","1987-11-20","Sales"
76211,"Kenton","Hashii","1954-07-29","1988-05-24","Sales"
76325,"Rosalie","Maierhofer","1955-02-19","1986-08-31","Sales"
77138,"Haldun","Karner","1953-02-25","1988-03-24","Sales"
77701,"Marie","Kalorkoti","1953-04-11","1986-10-10","Sales"
78116,"Tokuyasu","Beerel","1952-10-20","1985-03-22","Sales"
78745,"Subbu","Peris","1954-12-29","1986-04-03","Sales"
78888,"Shimshon","Lung","1954-06-15","1985-11-03","Sales"
78932,"Yannis","Marquardt","1952-11-10","1988-05-20","Sales"
79442,"Yannis","McClurg","1952-09-08","1986-02-23","Sales"
79714,"Kiam","Avouris","1955-03-05","1988-07-07","Sales"
79753,"Fabrizio","Thorelli","1953-05-05","1986-02-08","Sales"
80429,"Prodip","Suermann","1955-07-22","1986-03-02","Sales"
80466,"Takahiro","Bala","1954-01-18","1985-05-26","Sales"
81052,"Ziya","Levergood","1953-01-14","1985-02-10","Sales"
81338,"Xiaoqiang","Erol","1955-09-19","1988-10-22","Sales"
81363,"Selwyn","McAffer","1953-04-16","1985-04-11","Sales"
81412,"Zhenhua","Menyhert","1955-07-14","1985-02-13","Sales"
81540,"Emran","Manderick","1952-08-22","1987-02-25","Sales"
81849,"Debatosh","Bednarek","1953-08-28","1985-04-08","Sales"
81988,"Lene","Pews","1952-12-26","1986-04-15","Sales"
81998,"Mari","Iwayama","1952-03-24","1988-05-25","Sales"
82130,"Maia","Nergos","1953-12-05","1987-01-04","Sales"
82278,"Tomokazu","Murillo","1955-11-05","1986-01-15","Sales"
82385,"Sanjai","Biran","1952-04-23","1986-12-17","Sales"
82397,"Mart","Peris","1952-12-27","1987-04-11","Sales"
82573,"Genevieve","Berendt","1952-11-26","1988-07-20","Sales"
82970,"Qiwen","Servieres","1955-06-18","1986-02-18","Sales"
83071,"Nidapan","Ranft","1954-09-22","1987-08-02","Sales"
83730,"Dharmaraja","Lorie","1952-10-14","1985-12-20","Sales"
83787,"Xuejia","Lanzelotte","1955-03-30","1985-08-19","Sales"
84331,"Ziyad","Rousseau","1954-04-14","1987-06-10","Sales"
84648,"Piyush","Siepmann","1952-06-17","1988-01-01","Sales"
85111,"Sastry","Kavraki","1952-04-10","1986-05-10","Sales"
85267,"Masaru","Winter","1953-06-23","1985-10-23","Sales"
85939,"Xinyu","Schlegelmilch","1954-09-06","1986-12-03","Sales"
86523,"Shakhar","Bolotov","1953-02-28","1986-06-27","Sales"
86626,"Sashi","Polajnar","1952-05-08","1987-06-16","Sales"
86948,"Rosita","Swan","1952-09-29","1985-04-02","Sales"
87059,"Girolamo","Leuchs","1953-05-31","1988-04-12","Sales"
87137,"Aluzio","Tsunoo","1952-07-03","1985-07-13","Sales"
87161,"Ennio","Sudkamp","1955-06-02","1987-11-06","Sales"
87202,"Hatem","Coors","1952-02-29","1985-11-08","Sales"
88299,"Kazunori","Vidal","1954-07-19","1987-03-19","Sales"
89022,"Atilio","Orlowski","1954-04-25","1985-06-23","Sales"
89154,"Dietrich","Isaak","1955-05-02","1985-08-04","Sales"
89179,"Weijing","Kranzdorf","1953-02-08","1987-01-21","Sales"
89425,"Chandrasekaran","Baba","1953-01-11","1985-09-17","Sales"
89690,"Sukumar","Back","1955-09-15","1988-08-20","Sales"
89760,"Mandell","Ducloy","1954-12-25","1987-05-11","Sales"
89825,"Ingmar","Isard","1952-07-19","1986-05-23","Sales"
90051,"Venkatesan","Benzmuller","1953-09-06","1988-11-25","Sales"
90306,"Gully","Cangellaris","1953-05-17","1987-07-28","Sales"
90519,"Syozo","Rodite","1955-02-23","1987-07-30","Sales"
91265,"Somnath","Ohori","1954-10-24","1986-06-14","Sales"
91496,"Sven","Casperson","1953-02-12","1986-05-30","Sales"
91675,"Parke","Wrigley","1955-11-17","1985-12-28","Sales"
91774,"Hugo","Pietracaprina","1952-02-07","1986-01-02","Sales"
92063,"Deniz","Olivero","1953-09-11","1985-06-26","Sales"
92157,"Ioana","Matzel","1952-08-29","1986-10-01","Sales"
92797,"Shalesh","Ligten","1952-11-06","1985-02-26","Sales"
92898,"Gil","Ghazalie","1954-10-19","1985-06-25","Sales"
93130,"Kwun","Neimat","1954-12-11","1985-05-05","Sales"
93321,"Masako","Nivat","1953-10-28","1987-07-23","Sales"
93551,"Sanjay","Shrader","1953-11-02","1986-06-23","Sales"
93763,"Kazuhisa","Jullig","1953-10-30","1988-02-09","Sales"
93928,"Tomoyuki","Axelband","1952-02-02","1987-09-08","Sales"
93960,"Xianlong","Seghrouchni","1952-05-30","1985-04-23","Sales"
94287,"Kiyokazu","Buchter","1954-02-14","1985-06-20","Sales"
95281,"Kensyu","Savasere","1952-09-18","1986-02-05","Sales"
95362,"Yonghong","Zyda","1953-10-31","1985-05-17","Sales"
95470,"Roddy","Gajiwala","1954-04-03","1986-03-13","Sales"
95505,"Tsz","Cooley","1953-07-18","1986-10-03","Sales"
95549,"Arun","Sooriamurthi","1953-12-15","1985-06-11","Sales"
95670,"Shaleah","Krybus","1955-06-29","1988-10-03","Sales"
95739,"Lubomir","Syang","1953-01-02","1986-08-01","Sales"
96084,"Hauke","Piazza","1955-01-28","1988-10-30","Sales"
96109,"Jasminko","Chappelet","1954-07-30","1988-09-13","Sales"
96521,"Gro","Imataki","1952-07-24","1985-11-18","Sales"
97677,"Taegyun","Poulakidas","1954-01-19","1985-07-09","Sales"
98018,"Yongdong","Pileggi","1955-09-17","1985-02-01","Sales"
98270,"Kinh","Kawashimo","1952-07-22","1985-09-25","Sales"
98753,"Franziska","Murillo","1952-10-05","1986-02-16","Sales"
99026,"Zhongwei","Broomell","1954-01-08","1987-02-24","Sales"
99050,"Stevo","Krichel","1954-12-01","1985-04-18","Sales"
99431,"Prodip","Kusalik","1955-12-08","1987-06-28","Sales"
100492,"Vincent","Tibblin","1953-07-02","1985-09-30","Sales"
100746,"Heather","Rehfuss","1953-08-07","1987-07-08","Sales"
100933,"Uli","Taneja","1955-08-30","1986-03-27","Sales"
101869,"Zhanqiu","Siprelle","1955-04-27","1986-12-26","Sales"
102388,"Takanari","Ponthieu","1953-11-29","1985-07-05","Sales"
102682,"Oscar","Reutenauer","1953-02-14","1986-07-04","Sales"
103042,"Berthier","Masand","1953-08-10","1986-07-17","Sales"
103164,"Valeska","Chiola","1954-12-06","1988-07-29","Sales"
103358,"Takushi","Legleitner","1955-09-03","1985-07-30","Sales"
104029,"Alper","Pagter","1955-07-09","1988-10-28","Sales"
104135,"Yaghout","Servi","1953-03-30","1986-04-07","Sales"
104610,"Fusako","Peak","1953-02-06","1986-01-10","Sales"
104656,"Margo","Walston","1954-09-14","1986-06-03","Sales"
104866,"Anestis","Gelosh","1953-08-26","1985-07-24","Sales"
105886,"Stafford","Mitchem","1952-06-28","1988-02-25","Sales"
106779,"Akemi","Conta","1955-09-30","1986-02-04","Sales"
107097,"Kitty","Badache","1952-10-19","1985-05-07","Sales"
107258,"Parviz","Zaumen","1953-12-21","1987-04-04","Sales"
107380,"Matt","Demos","1952-05-19","1986-02-04","Sales"
107712,"Sumant","Birjandi","1952-11-25","1988-04-08","Sales"
107807,"Narain","Granlund","1954-11-14","1986-04-19","Sales"
107996,"Licheng","Nitta","1952-11-23","1988-08-19","Sales"
108420,"Baruch","Pietrzykowski","1953-12-05","1987-12-26","Sales"
108461,"Aral","Sury","1953-11-03","1986-10-29","Sales"
108711,"Sanjai","Kambil","1954-08-22","1988-09-04","Sales"
108729,"Jiang","Vesel","1954-02-06","1985-02-12","Sales"
108763,"Sadegh","Cooke","1953-07-31","1985-12-27","Sales"
108816,"Volkmar","Gurbaxani","1955-12-16","1986-03-18","Sales"
109101,"Xianlong","Hennings","1953-11-10","1986-02-07","Sales"
109379,"Ramya","Rindone","1952-06-27","1986-06-08","Sales"
109457,"Stevo","Rosiles","1954-07-08","1987-09-01","Sales"
109502,"Kamakshi","Langford","1953-05-04","1987-10-19","Sales"
109560,"Ymte","Hoogerwoord","1953-01-07","1987-04-15","Sales"
109747,"Tadahiko","Rullman","1954-07-02","1985-10-04","Sales"
109966,"Khatoun","Valette","1952-12-10","1987-07-08","Sales"
200079,"Candida","Riefers","1952-03-04","1987-07-08","Sales"
200618,"Berna","Panienski","1954-03-23","1985-05-14","Sales"
201191,"Kitty","Basagni","1954-07-17","1988-09-05","Sales"
201462,"Jolita","Erva","1955-07-03","1988-02-25","Sales"
201933,"Xianlong","Ranst","1952-06-07","1985-04-25","Sales"
202605,"Hercules","Merel","1955-04-11","1985-03-04","Sales"
203053,"Shrikanth","Luke","1953-03-16","1988-02-19","Sales"
203088,"Hairong","Braunschweig","1954-10-23","1988-01-28","Sales"
203268,"Uno","Poujol","1952-10-25","1985-03-31","Sales"
203309,"Constantine","Tsukuda","1955-06-13","1987-11-03","Sales"
203364,"Spyrose","Herber","1954-10-07","1987-09-15","Sales"
203555,"Hairong","Brlek","1954-08-25","1986-05-21","Sales"
203631,"Nakhoon","Schaaf","1955-11-14","1988-09-13","Sales"
204134,"Xiaobin","Hofmeyr","1955-01-20","1985-09-30","Sales"
205092,"Masako","Spieker","1955-08-05","1988-09-07","Sales"
205332,"Gita","Baar","1955-10-19","1988-12-08","Sales"
205899,"Radoslaw","Mundy","1954-07-14","1986-03-29","Sales"
206000,"Atreye","Schapire","1954-01-18","1986-05-03","Sales"
206053,"Tsuneo","Alblas","1954-03-18","1986-05-12","Sales"
206168,"Serap","Matzat","1955-07-18","1985-04-29","Sales"
207461,"Remco","Peek","1955-11-19","1987-11-08","Sales"
207894,"Tzu","Papadias","1952-10-18","1988-11-15","Sales"
207941,"Florian","Emmerich","1955-10-12","1987-05-14","Sales"
208212,"Bangqing","Lagarias","1953-11-12","1988-10-21","Sales"
208463,"Ipke","Pillow","1955-05-12","1988-03-09","Sales"
209791,"Mabhin","Garnham","1952-03-27","1986-10-23","Sales"
210098,"Mingzeng","Milicic","1955-07-01","1987-06-03","Sales"
210558,"Bokyung","Sigstam","1954-07-19","1985-08-01","Sales"
210575,"Oscar","Lung","1954-10-06","1986-11-05","Sales"
210651,"Toney","Eiron","1954-03-02","1986-08-25","Sales"
211040,"Jaihie","Nitsch","1955-01-11","1987-04-08","Sales"
211280,"Masato","Rothenberg","1953-05-07","1987-09-06","Sales"
211596,"Indrajit","Naumovich","1953-02-02","1987-08-14","Sales"
212040,"Bangqing","Lunt","1953-10-11","1986-07-01","Sales"
212800,"Lihong","Hardjono","1954-10-19","1985-12-16","Sales"
212826,"Leucio","Malabarba","1955-06-16","1986-03-07","Sales"
213258,"Kersti","Carrere","1952-07-12","1986-08-12","Sales"
214622,"Shaw","Peha","1955-04-10","1988-10-28","Sales"
214960,"Yolla","Koblick","1952-09-24","1987-10-11","Sales"
216250,"Jaana","Zweizig","1953-09-27","1986-09-08","Sales"
216294,"Keiichiro","Kalefeld","1954-01-05","1986-02-23","Sales"
216295,"Kerhong","Siegrist","1954-12-06","1985-12-28","Sales"
216397,"Feixiong","Brodal","1955-08-24","1985-10-11","Sales"
216660,"Luerbio","Clemencon","1953-04-01","1985-03-16","Sales"
217661,"Chenxi","Janetzko","1952-06-05","1985-07-24","Sales"
218044,"Maia","Veevers","1952-06-09","1987-03-20","Sales"
218212,"Navin","Cheshire","1953-12-06","1987-10-15","Sales"
218228,"Francesca","Auyong","1953-04-11","1987-07-15","Sales"
218605,"Horward","Radivojevic","1952-10-13","1987-01-09","Sales"
219344,"Elzbieta","Garigliano","1953-05-25","1987-11-12","Sales"
219519,"Kazunori","Mitzlaff","1952-12-07","1985-03-20","Sales"
220234,"Nobuyoshi","Viele","1954-07-14","1988-10-04","Sales"
220343,"Siamak","Msuda","1952-06-01","1988-08-04","Sales"
220718,"KayLiang","Polajnar","1953-04-05","1988-10-07","Sales"
220868,"Christoph","Lovengreen","1954-04-07","1986-08-24","Sales"
220907,"Pramod","McClure","1953-08-15","1985-02-16","Sales"
220956,"Dannz","Beerel","1953-11-05","1985-10-21","Sales"
221337,"Ramachenga","Jiang","1953-09-12","1988-02-05","Sales"
222022,"Dung","Mayerwieser","1953-11-30","1988-11-18","Sales"
222954,"Persi","Pleszkun","1952-09-11","1987-03-09","Sales"
223344,"Perla","Eiter","1955-07-01","1988-07-27","Sales"
223768,"Mani","Stifter","1953-11-01","1986-05-12","Sales"
224067,"Lene","Ruther","1954-01-02","1987-01-14","Sales"
224983,"Deniz","Makrucki","1954-09-05","1986-12-19","Sales"
225391,"Amstein","Zolotykh","1954-06-09","1986-02-21","Sales"
225658,"Danai","Kakkar","1953-01-05","1986-09-17","Sales"
225905,"Shih","Passino","1952-03-07","1988-02-05","Sales"
226325,"Leni","Avouris","1952-09-19","1988-03-24","Sales"
226367,"Ung","Munro","1953-01-10","1987-09-05","Sales"
227563,"Peternela","Yamaashi","1953-06-11","1988-10-17","Sales"
227694,"Paloma","Chandrasekhar","1952-06-22","1985-06-26","Sales"
228500,"Martial","Fontet","1953-07-03","1985-03-01","Sales"
228982,"Alagu","Ramsak","1955-03-23","1985-04-03","Sales"
229461,"Berto","Raczkowsky","1953-12-10","1987-06-28","Sales"
230187,"Uma","Figueira","1955-02-06","1988-09-25","Sales"
230320,"Tomofumi","Chimia","1952-07-24","1988-09-18","Sales"
230550,"Jessie","Vitiello","1952-08-31","1987-03-06","Sales"
230572,"Sudhanshu","Gulak","1952-04-10","1987-08-10","Sales"
231034,"Xiaobin","Coors","1954-07-04","1988-07-17","Sales"
231563,"Khosrow","Rijckaert","1952-03-31","1985-08-02","Sales"
231702,"Sahrah","Vieri","1954-12-22","1986-09-11","Sales"
231956,"Spyrose","Birjandi","1953-07-26","1986-11-09","Sales"
231959,"Adib","Hatcliff","1952-02-29","1985-04-12","Sales"
232381,"Siddarth","Tempesti","1955-07-05","1986-05-26","Sales"
232716,"Manu","Bruckman","1953-04-02","1986-11-30","Sales"
232801,"Krassimir","Legleitner","1952-06-05","1985-02-17","Sales"
232933,"Keung","Solovay","1954-10-28","1987-12-23","Sales"
234056,"Udaiprakash","Perng","1953-06-30","1988-05-05","Sales"
235019,"Tooru","Peir","1953-12-24","1986-08-25","Sales"
235786,"Przemyslawa","Schlumberger","1953-06-21","1986-10-20","Sales"
236259,"Baruch","Mondadori","1952-02-25","1985-05-11","Sales"
236466,"Yinghua","Krohn","1953-08-09","1987-09-26","Sales"
236957,"Marsal","Matzen","1953-06-22","1985-05-27","Sales"
237253,"Jianhao","Bisiani","1954-05-12","1985-05-07","Sales"
237337,"Heekeun","Vuskovic","1953-07-15","1987-07-16","Sales"
238004,"Mariusz","Reeken","1953-04-04","1985-11-02","Sales"
238053,"Lein","Baca","1953-06-25","1985-02-21","Sales"
238131,"Wojceich","Besselaar","1954-04-09","1986-09-26","Sales"
238599,"Tokuyasu","Breugel","1952-05-03","1988-10-26","Sales"
238836,"Gopalakrishnan","Merlo","1955-02-21","1987-10-06","Sales"
239414,"Sverrir","Renear","1955-04-09","1987-10-29","Sales"
239798,"Uzi","Trystram","1952-08-15","1986-10-18","Sales"
239859,"Adam","Keirsey","1955-12-18","1986-09-18","Sales"
240892,"Charlene","Wiegley","1952-09-14","1986-08-22","Sales"
241213,"Kazuhito","Fritzsche","1952-06-24","1988-08-04","Sales"
241577,"Gao","Wendorf","1953-07-11","1987-05-23","Sales"
241851,"Domenico","Marzano","1953-05-11","1985-03-20","Sales"
242132,"Serge","Liesche","1954-03-28","1986-09-24","Sales"
242862,"Mario","Leonhardt","1955-12-20","1986-05-03","Sales"
242963,"Yuguang","Jenevein","1954-07-30","1986-10-24","Sales"
243056,"Hatim","Steinauer","1953-04-01","1987-05-09","Sales"
243316,"Brendon","Talmon","1952-07-22","1985-09-22","Sales"
243812,"Jixiang","Miculan","1952-06-21","1987-10-10","Sales"
243891,"Shan","Rodite","1955-10-07","1988-02-26","Sales"
244072,"Chiranjit","Demke","1955-03-24","1988-10-19","Sales"
245196,"Randi","Chartres","1954-09-14","1988-09-06","Sales"
245528,"Kristinn","Baumann","1955-07-05","1985-07-24","Sales"
245611,"Arup","Randi","1953-08-10","1985-07-02","Sales"
246505,"Hugo","Byoun","1955-01-07","1987-11-22","Sales"
246655,"Edwin","Billingsley","1953-05-15","1986-06-27","Sales"
246904,"Carrsten","Armand","1953-05-10","1988-05-28","Sales"
248268,"Ger","Wendorf","1955-07-24","1986-08-28","Sales"
248572,"Filipp","Fetvedt","1954-02-16","1986-09-30","Sales"
249673,"Naraig","Klerer","1954-07-02","1986-03-02","Sales"
250059,"Naraig","Masamoto","1952-08-21","1986-11-27","Sales"
250624,"Mayuri","Oehlmann","1952-11-08","1987-04-26","Sales"
251070,"Genevieve","Theuretzbacher","1955-07-21","1987-06-14","Sales"
251798,"Urs","Oxenboll","1952-02-21","1987-07-18","Sales"
252507,"Rimli","DiGiano","1954-12-04","1987-05-06","Sales"
252573,"Rafael","Guardalben","1955-02-12","1986-01-05","Sales"
252703,"Barna","Beausoleil","1954-05-31","1986-12-01","Sales"
252749,"Akhilish","Yeung","1953-05-12","1985-11-11","Sales"
252862,"Shahab","Schicker","1952-02-20","1987-12-27","Sales"
252924,"Kazuhisa","Bazzichi","1953-09-13","1987-04-02","Sales"
253636,"Yucel","Itschner","1955-03-13","1986-06-04","Sales"
253670,"Sachin","Conte","1954-03-29","1988-07-03","Sales"
254024,"Richard","Ernst","1952-09-03","1987-05-02","Sales"
254454,"Uinam","Ponthieu","1955-01-08","1986-12-05","Sales"
254789,"Mechthild","Kropp","1953-05-17","1987-02-14","Sales"
255168,"Ziva","Ananiadou","1953-04-03","1986-10-09","Sales"
255679,"Lansing","Garnick","1954-03-15","1986-07-12","Sales"
255773,"Ingemar","Emden","1954-03-03","1985-11-30","Sales"
255815,"Arlette","Jahnichen","1952-11-28","1985-12-15","Sales"
255929,"Feixiong","Bisiani","1952-03-13","1985-05-17","Sales"
256235,"Oguz","Halevi","1952-03-07","1986-01-28","Sales"
256289,"Joydip","Nittel","1955-02-21","1988-08-20","Sales"
256341,"Parke","Candan","1953-02-21","1987-12-25","Sales"
256663,"Xiaopeng","Highland","1955-08-23","1988-01-07","Sales"
257455,"Maris","Dratva","1952-10-20","1986-11-04","Sales"
257659,"Danae","Kadhim","1952-02-18","1985-12-25","Sales"
258003,"Abdelghani","Rubsam","1953-04-03","1988-02-03","Sales"
258084,"Juichirou","Setia","1952-07-15","1987-11-16","Sales"
258507,"Nechama","Miculan","1953-01-23","1987-10-25","Sales"
258624,"Dines","Swab","1954-08-12","1986-01-12","Sales"
258842,"Syozo","Heiserman","1955-02-24","1986-07-21","Sales"
259021,"Maris","Redmiles","1953-06-29","1985-03-25","Sales"
259241,"Becky","Setiz","1953-05-14","1987-11-25","Sales"
259672,"Chinho","Lodder","1955-11-09","1986-07-27","Sales"
259803,"Kensyu","Zielinski","1953-08-02","1985-06-26","Sales"
260018,"Fumiyo","Cherinka","1954-10-03","1985-03-29","Sales"
260727,"Nalini","Billawala","1954-09-22","1985-02-23","Sales"
261172,"Katsuyuki","Luit","1954-01-29","1986-10-10","Sales"
261526,"Fumiyo","Munro","1955-07-29","1985-03-09","Sales"
262368,"Shir","Masamoto","1953-08-03","1985-12-24","Sales"
262428,"Changho","Gerlach","1955-01-04","1986-05-19","Sales"
262607,"Kendra","Buchter","1954-06-19","1987-12-26","Sales"
263234,"Xiaocheng","Rassart","1953-12-14","1985-11-25","Sales"
263913,"Sampalli","Berstel","1954-05-19","1986-04-11","Sales"
264151,"Heather","Worfolk","1952-05-28","1985-10-11","Sales"
264390,"Abdelghani","Waeselynck","1954-01-08","1986-03-15","Sales"
264435,"Ung","Sudkamp","1953-07-05","1986-09-23","Sales"
264638,"Kolar","Melter","1952-10-23","1988-06-10","Sales"
264667,"Uwe","Mitsuhashi","1954-11-23","1985-06-06","Sales"
264680,"Zissis","Businaro","1955-06-09","1988-01-30","Sales"
264748,"Qiwen","Penttonen","1953-05-22","1987-03-06","Sales"
265293,"Herbert","Hempstead","1952-10-13","1985-06-11","Sales"
265544,"Pasqua","Rosiles","1953-05-19","1987-12-17","Sales"
265813,"Elliott","Businaro","1954-05-13","1985-08-31","Sales"
265870,"Zongyan","Lamba","1952-08-13","1986-08-29","Sales"
266185,"Kazuhiro","Perl","1954-02-24","1988-10-24","Sales"
266243,"Lech","Borovoy","1954-03-18","1985-07-04","Sales"
266315,"Taisook","Boguraev","1952-11-10","1987-03-10","Sales"
266406,"Duro","Dalton","1953-01-16","1986-06-29","Sales"
267393,"Hironobu","Makinen","1955-12-19","1988-01-30","Sales"
267770,"Vitali","Skrikant","1955-04-01","1986-05-12","Sales"
268190,"Paddy","Ermel","1955-05-13","1987-01-10","Sales"
268922,"Eishiro","Bonifati","1955-04-14","1985-04-26","Sales"
269271,"Boaz","Zizka","1954-07-12","1987-08-05","Sales"
269705,"Kensyu","Soloway","1955-09-23","1985-04-08","Sales"
269929,"Lijia","Clemencon","1953-12-02","1987-09-18","Sales"
270142,"Xuejun","DuBourdieux","1955-11-06","1987-05-11","Sales"
270486,"Randy","Schwabacher","1955-11-16","1985-09-05","Sales"
271311,"Christ","Gargeya","1954-01-17","1987-11-11","Sales"
271451,"Bluma","Leijenhorst","1952-04-06","1988-10-08","Sales"
272344,"Mamdouh","Vesna","1952-03-15","1985-08-27","Sales"
272685,"Emdad","Trachtenberg","1955-11-10","1985-05-11","Sales"
272726,"Marsha","Eppinger","1954-06-20","1988-10-20","Sales"
273015,"Parviz","Blokdijk","1955-04-27","1985-04-26","Sales"
273894,"Shalesh","Giaccio","1954-06-28","1987-05-14","Sales"
273997,"Yechiam","Braunschweig","1952-02-05","1985-12-16","Sales"
274543,"Teruyuki","Marrakchi","1952-11-02","1985-11-03","Sales"
274585,"Aleksandar","Itzfeldt","1955-07-24","1985-02-27","Sales"
274984,"Tesuya","Marshall","1955-03-07","1988-12-10","Sales"
275980,"Mostafa","Ponthieu","1953-12-18","1988-12-11","Sales"
276046,"Sanjai","Hartvigsen","1954-05-11","1986-10-14","Sales"
276143,"Vishv","Hedayat","1955-10-18","1987-11-03","Sales"
276153,"Kazuhito","Copas","1954-08-09","1988-04-08","Sales"
276389,"Van","Hofman","1954-09-08","1985-03-11","Sales"
276685,"Pradeep","Piveteau","1955-12-20","1987-09-24","Sales"
277996,"Naftaly","Straney","1954-01-30","1987-03-07","Sales"
278031,"Marco","Chandrasekhar","1955-11-18","1985-02-24","Sales"
278095,"Nagui","Merel","1953-05-15","1987-04-05","Sales"
278696,"Mara","Melichar","1952-12-22","1988-07-04","Sales"
279093,"Turgut","Farrag","1953-05-17","1988-05-31","Sales"
279338,"Sreekrishna","Hiltgen","1952-11-20","1987-11-25","Sales"
279433,"Tetsurou","Billawala","1954-12-15","1985-08-18","Sales"
279451,"Pasqua","Qiwen","1954-01-28","1985-08-19","Sales"
279518,"Werner","Ellozy","1953-12-29","1988-01-20","Sales"
279770,"Chenyi","Brickell","1952-02-04","1986-08-07","Sales"
280062,"Sashi","Condotta","1954-10-05","1988-02-02","Sales"
280391,"Niclas","Spell","1952-10-13","1985-10-04","Sales"
280512,"Sumant","Trelles","1955-05-27","1987-07-21","Sales"
281381,"Shahar","Kushner","1953-04-01","1986-12-09","Sales"
281385,"Georgi","Oxenboll","1955-10-01","1988-09-04","Sales"
281750,"Mohamadou","Laventhal","1952-08-13","1988-07-09","Sales"
282841,"Alejandra","Schwabacher","1953-07-30","1988-10-16","Sales"
283435,"Takahiro","Schmezko","1952-09-11","1987-11-02","Sales"
283529,"Lucien","Ertl","1954-04-28","1988-12-21","Sales"
283653,"Neelam","Camurati","1955-06-19","1986-01-31","Sales"
284109,"Irena","Seuren","1954-06-27","1987-05-19","Sales"
284674,"Krassimir","Monarch","1954-12-12","1988-01-01","Sales"
284803,"Suebskul","Chinal","1953-01-23","1988-04-16","Sales"
284877,"Satosi","Chorvat","1952-11-15","1987-10-16","Sales"
285061,"Babette","Baja","1954-08-15","1987-03-02","Sales"
285938,"Serenella","Hiraishi","1953-02-27","1986-03-09","Sales"
286615,"Lokesh","Eterovic","1952-03-12","1987-01-28","Sales"
287076,"Almudena","Harnett","1955-03-02","1986-03-09","Sales"
287552,"Idoia","Hockney","1954-11-11","1987-02-05","Sales"
287598,"Bader","Jiang","1954-01-20","1985-10-06","Sales"
287600,"Rajmohan","Vieth","1953-09-08","1988-07-22","Sales"
288051,"Murthy","Thibadeau","1954-11-16","1988-11-23","Sales"
288574,"Fayez","Paludetto","1953-02-20","1986-01-14","Sales"
289022,"Bowen","Czap","1954-01-01","1987-07-07","Sales"
289433,"Demos","Maquelin","1953-11-07","1987-01-29","Sales"
289445,"Bedir","Shackel","1955-03-07","1987-01-30","Sales"
289669,"Larisa","Litzler","1954-10-29","1988-09-19","Sales"
290491,"Marsal","Vadhan","1955-04-04","1985-06-24","Sales"
291068,"Conor","Zaccaria","1953-05-16","1987-06-07","Sales"
291106,"Masako","Gilg","1955-11-19","1987-07-07","Sales"
291653,"Rafael","Strehl","1955-07-30","1986-12-19","Sales"
291683,"Denny","Masand","1952-04-04","1987-11-04","Sales"
291908,"Marek","Soloway","1954-02-28","1986-01-12","Sales"
292023,"Demos","Rullman","1952-03-09","1985-08-17","Sales"
292378,"Mang","Harllee","1952-05-18","1986-12-12","Sales"
292533,"Zine","Muchinsky","1953-09-13","1985-06-10","Sales"
292554,"Steen","Heuser","1954-03-11","1987-11-12","Sales"
292671,"DeForest","Granlund","1954-02-15","1985-04-24","Sales"
293647,"Martina","Lindqvist","1954-07-16","1988-06-24","Sales"
293769,"Paris","Valtorta","1953-09-29","1987-03-13","Sales"
293814,"Barton","Bach","1955-06-17","1987-02-20","Sales"
293946,"Nadjib","Merro","1953-02-08","1988-06-20","Sales"
294232,"Kasturi","Salvesen","1954-12-20","1986-02-03","Sales"
294893,"Hironoby","Marwedel","1955-08-24","1985-02-07","Sales"
294958,"Constantine","Zuberek","1955-04-09","1986-12-04","Sales"
295181,"Niclas","Skogmar","1953-12-27","1985-11-14","Sales"
295439,"Makato","Fadgyas","1952-11-18","1986-10-31","Sales"
295796,"Ewing","Trachtenberg","1954-03-26","1986-01-06","Sales"
295853,"Doohun","Rahimi","1952-08-02","1986-08-09","Sales"
295919,"Florina","Saoudi","1955-05-14","1988-08-19","Sales"
296569,"Gila","Lindenbaum","1955-02-07","1985-09-10","Sales"
296821,"Charlene","Cooman","1952-12-19","1986-01-28","Sales"
296906,"Fumiyo","Gips","1954-04-22","1988-04-12","Sales"
297270,"Masoud","Zucker","1954-02-12","1987-10-19","Sales"
297635,"Chandrasekaran","Gecsei","1955-05-18","1986-07-14","Sales"
298145,"Lubomir","Fadgyas","1954-02-26","1988-06-26","Sales"
298277,"Mary","Uludag","1953-08-01","1987-02-22","Sales"
298859,"Shuji","Dehkordi","1954-12-05","1986-10-14","Sales"
299329,"Maja","Brattka","1954-12-13","1987-08-05","Sales"
299540,"Shigehito","Holburn","1954-09-04","1985-12-23","Sales"
299608,"Sudharsan","Schapiro","1952-03-06","1986-06-20","Sales"
299786,"Dietrich","Vanwelkenhuysen","1954-05-21","1987-09-02","Sales"
400356,"Collette","Comte","1955-06-27","1986-11-09","Sales"
401261,"Phule","Szilard","1955-09-18","1988-01-20","Sales"
402011,"Bodo","Hatcliff","1952-02-20","1988-05-07","Sales"
402056,"Bezalel","Larfeldt","1955-12-03","1988-11-23","Sales"
402406,"Mats","Larfeldt","1953-11-25","1986-05-17","Sales"
402430,"Atreye","Ernst","1954-10-06","1986-04-27","Sales"
403052,"Tsz","Boyle","1952-12-17","1985-11-16","Sales"
403296,"Seongbae","Backhouse","1955-08-15","1985-12-22","Sales"
403485,"Jeane","Larfeldt","1955-07-29","1986-10-02","Sales"
403700,"Cedric","Picco","1954-08-14","1986-01-27","Sales"
404014,"Djelloul","Improta","1952-05-12","1987-09-14","Sales"
404105,"Minghong","Cyre","1953-08-30","1988-01-26","Sales"
404123,"Arfst","Encarnacion","1954-01-06","1986-09-19","Sales"
404233,"Baziley","Nivat","1954-08-09","1988-07-13","Sales"
404823,"Vojin","Levergood","1954-11-12","1985-11-17","Sales"
404875,"Khatoun","Meszaros","1952-07-07","1987-05-08","Sales"
404890,"Snehasis","Schreiter","1955-12-19","1986-08-26","Sales"
405107,"Claudi","Deville","1955-10-12","1985-07-31","Sales"
405583,"Gretta","Reeker","1952-10-16","1987-02-28","Sales"
406216,"Qiwen","Ciolek","1953-05-26","1988-01-17","Sales"
406269,"Bangqing","Zastre","1955-12-06","1985-12-30","Sales"
406384,"Bernt","Bouloucos","1952-06-05","1986-10-18","Sales"
407002,"Kenton","Peyn","1953-02-11","1986-09-19","Sales"
407803,"Khatoun","Chaudhury","1952-09-15","1988-04-04","Sales"
408208,"Xuejia","Senzako","1952-11-28","1987-08-03","Sales"
408348,"Syozo","Zeilberger","1952-11-04","1985-03-05","Sales"
408608,"Hyuncheol","Skafidas","1955-03-29","1985-11-18","Sales"
409983,"Yinghua","Bach","1954-03-16","1988-05-16","Sales"
410966,"Juichirou","Cooman","1954-06-19","1985-02-26","Sales"
411834,"Fusako","Beetstra","1955-12-16","1986-12-10","Sales"
412866,"Torsten","Lyonns","1953-04-05","1987-04-13","Sales"
413576,"Susumu","Luce","1955-02-25","1988-01-08","Sales"
413671,"Aral","Moehrke","1952-02-04","1986-01-08","Sales"
413708,"Arnould","Krzyzanowski","1955-08-26","1987-02-14","Sales"
414131,"Taisook","Neiman","1953-01-27","1988-05-08","Sales"
415117,"Sudhanshu","Gente","1955-05-16","1988-08-13","Sales"
415206,"Takahiro","Heyers","1954-01-08","1987-01-03","Sales"
415483,"Marko","Beeson","1954-05-21","1986-12-16","Sales"
415486,"Shahar","Comyn","1955-07-28","1985-07-23","Sales"
415526,"Sailaja","Blokdijk","1952-08-04","1985-11-01","Sales"
415962,"Anoosh","Kolinko","1955-06-05","1988-11-28","Sales"
416032,"Patricio","Schicker","1954-03-12","1985-04-24","Sales"
416330,"Candida","Pollock","1954-11-24","1985-11-14","Sales"
416788,"Apostol","Hoogerwoord","1953-06-03","1986-08-23","Sales"
417510,"Yonghong","Ernst","1954-09-14","1986-08-02","Sales"
417576,"Adhemar","Murtagh","1954-12-25","1986-06-06","Sales"
417777,"Vitali","Picel","1953-04-14","1987-08-20","Sales"
418000,"Yuichiro","Alpin","1954-01-21","1988-10-17","Sales"
418019,"Kristina","Ecklund","1953-12-30","1985-02-15","Sales"
418039,"Shuichi","Ramalingam","1954-02-26","1985-06-27","Sales"
418683,"Tsuneo","Lagarias","1952-11-01","1986-11-21","Sales"
418799,"Uzi","Kakkar","1954-04-21","1986-10-29","Sales"
419330,"Kaijung","Einsfeld","1952-04-08","1988-10-03","Sales"
419578,"Elgin","Ullian","1954-07-15","1987-12-22","Sales"
419669,"Florina","Monarch","1952-03-08","1986-04-16","Sales"
420034,"Pascal","Beilner","1953-10-26","1986-08-04","Sales"
420394,"Khun","Worfolk","1955-10-28","1986-06-04","Sales"
421172,"Heejo","Danley","1955-11-28","1987-09-02","Sales"
421364,"Huican","Ramalingam","1953-03-18","1985-03-17","Sales"
421683,"Khalil","Heystek","1955-10-15","1985-11-05","Sales"
421775,"Gretta","Baak","1954-11-18","1987-04-16","Sales"
422349,"Mani","Straney","1954-03-22","1985-08-20","Sales"
422812,"Akeno","Pashtan","1952-02-12","1986-12-03","Sales"
423388,"Hiroyasu","Byoun","1953-02-07","1987-10-28","Sales"
423702,"Parke","Iivonen","1954-04-25","1988-01-14","Sales"
424230,"Irena","Sridhar","1952-03-11","1987-08-19","Sales"
424263,"Martins","Schoegge","1955-03-13","1986-12-25","Sales"
424581,"Turgut","Christianini","1955-11-03","1986-07-06","Sales"
425132,"Christoper","Perry","1955-11-04","1987-01-30","Sales"
425627,"Guadalupe","Sewelson","1953-08-08","1988-05-19","Sales"
425785,"Przemyslawa","Rijsenbrij","1954-02-23","1985-05-12","Sales"
425932,"Saeed","Piancastelli","1954-12-12","1985-12-12","Sales"
426090,"Weiru","Falck","1954-08-21","1987-08-01","Sales"
426099,"Alair","Sherertz","1953-04-01","1986-12-25","Sales"
426800,"Kwok","Kuhnemann","1955-07-18","1988-10-26","Sales"
426928,"Kauko","Georgatos","1955-01-30","1986-08-19","Sales"
427028,"Saddek","Bernardeschi","1953-09-02","1986-01-14","Sales"
427346,"Denis","Kropf","1952-10-06","1985-10-30","Sales"
427370,"Chinho","Slobodova","1954-11-29","1986-11-27","Sales"
427682,"Boalin","Birta","1954-04-05","1987-06-04","Sales"
427924,"Brendon","Msuda","1955-11-30","1987-07-09","Sales"
428198,"Behnaam","Thibadeau","1953-11-16","1986-02-04","Sales"
428585,"Sanjeeva","Selvestrel","1954-02-16","1986-09-15","Sales"
429067,"Kwan","Morrow","1955-10-24","1987-01-02","Sales"
429297,"Becky","Acton","1955-03-22","1985-10-26","Sales"
429766,"Mandell","Lorin","1953-01-24","1987-09-23","Sales"
430414,"Marlo","Piazza","1952-05-07","1987-10-24","Sales"
430999,"Khatoun","Ranon","1952-03-10","1985-09-22","Sales"
432483,"Zhanqiu","Taneja","1954-10-24","1985-07-26","Sales"
432547,"Gretta","Waeselynck","1954-12-23","1988-06-21","Sales"
432978,"Pasqua","Herath","1955-06-23","1988-08-08","Sales"
433061,"Weiwu","Masada","1952-02-05","1988-06-28","Sales"
433509,"Dzung","Demian","1953-05-18","1986-10-30","Sales"
433790,"Prodip","Rusmann","1954-04-18","1988-10-21","Sales"
433914,"Dmitri","Heuter","1954-01-20","1986-10-04","Sales"
434289,"Sajjan","Broomell","1952-07-26","1987-03-07","Sales"
434721,"Djenana","Weedman","1955-03-03","1988-01-23","Sales"
435630,"Dines","Baer","1952-08-05","1987-07-29","Sales"
435719,"Gritta","Sidou","1955-10-06","1987-02-22","Sales"
435911,"Patricia","Perez","1955-06-27","1987-10-15","Sales"
435980,"Toney","Rando","1955-01-30","1986-04-02","Sales"
436372,"Abdelkader","Leslie","1952-05-02","1986-10-19","Sales"
436651,"Weijing","Birnbaum","1954-02-23","1988-11-19","Sales"
436974,"Kellie","Gilg","1954-06-24","1987-05-08","Sales"
437264,"Zijian","VanScheik","1953-12-28","1987-02-10","Sales"
438007,"Fumiya","Lanphier","1953-12-05","1986-03-04","Sales"
438726,"Ewing","Serov","1952-10-21","1985-10-29","Sales"
438944,"Florian","Anick","1954-03-03","1988-11-10","Sales"
439090,"Hyuncheol","Tsunoo","1953-02-04","1986-08-01","Sales"
440136,"Bowen","Jenevein","1955-02-05","1988-09-01","Sales"
440400,"Vasiliy","Karlin","1955-10-20","1985-04-04","Sales"
440412,"Eberhardt","Radivojevic","1953-08-27","1987-10-24","Sales"
441179,"Tommaso","Sgarro","1954-02-03","1988-01-17","Sales"
441228,"Kazuhiko","Winter","1954-04-21","1985-07-20","Sales"
441669,"Raimond","Chimia","1952-08-15","1988-04-03","Sales"
442149,"Utpal","Bodoff","1954-06-30","1987-05-25","Sales"
443253,"Abdulla","Tchuente","1954-01-16","1985-08-24","Sales"
443270,"Vasiliy","Chvatal","1952-02-10","1987-04-24","Sales"
443637,"Mohua","Guenter","1952-12-18","1987-02-26","Sales"
444447,"Chuanti","Leuchs","1955-10-19","1986-06-19","Sales"
444738,"Takahira","Gargeya","1953-01-16","1986-06-30","Sales"
445306,"Arvind","Taubman","1953-10-05","1987-06-24","Sales"
445509,"Hein","Templeman","1954-08-07","1985-11-14","Sales"
445910,"Patricia","Fritzsche","1955-01-01","1985-12-21","Sales"
446071,"Rasiah","Danner","1953-01-09","1986-05-04","Sales"
446223,"Gay","Perin","1953-07-25","1985-08-09","Sales"
446370,"Bedrich","Sewelson","1953-05-29","1985-06-16","Sales"
447008,"Zsolt","Cooman","1952-09-14","1986-09-06","Sales"
447061,"Ewing","Pluym","1955-08-31","1986-03-04","Sales"
447076,"Teruyuki","Straney","1954-10-15","1985-08-07","Sales"
447149,"Teiji","Eppinger","1952-06-02","1988-03-29","Sales"
447719,"Jinya","Bernardeschi","1953-05-30","1987-05-29","Sales"
448250,"Susumu","Teitelbaum","1955-11-29","1985-08-13","Sales"
448440,"Idoia","Bala","1952-08-14","1985-09-05","Sales"
448762,"Hirochika","Lakshmanan","1955-12-22","1987-07-05","Sales"
448789,"Lucian","Ranai","1953-05-09","1987-07-08","Sales"
448846,"Abdulla","Lipner","1953-05-31","1986-11-22","Sales"
449237,"Conal","Beutelspacher","1953-11-23","1987-12-07","Sales"
449581,"Chuanti","Stamatiou","1955-01-29","1986-11-19","Sales"
449816,"Mariangiola","Lanzelotte","1953-11-09","1987-03-06","Sales"
449903,"Teruyuki","Billingsley","1955-08-16","1988-10-20","Sales"
449962,"Marsal","Heystek","1955-04-19","1986-01-27","Sales"
450114,"Duro","Erdmenger","1954-05-19","1985-11-03","Sales"
451068,"Howell","Collavizza","1954-12-05","1987-11-29","Sales"
452061,"Ramya","Tramer","1952-09-05","1985-05-08","Sales"
452541,"Morris","Strandh","1955-02-17","1986-05-11","Sales"
452553,"Jagoda","Baalen","1955-01-09","1987-11-19","Sales"
453151,"Yuping","Rosiles","1955-01-21","1985-09-10","Sales"
453479,"Zhensheng","Sudbeck","1953-08-05","1987-03-26","Sales"
453837,"Shrikanth","Basawa","1955-01-18","1986-08-07","Sales"
454195,"Dmitry","Pettit","1955-08-29","1987-08-17","Sales"
454231,"Giordano","Schoegge","1952-11-16","1985-10-28","Sales"
454342,"Tonia","Jording","1954-04-27","1985-05-13","Sales"
454375,"Nevio","Paludetto","1952-07-16","1988-12-21","Sales"
454444,"Mamdouh","Wynblatt","1954-10-21","1986-01-25","Sales"
454991,"Haldon","Koblick","1953-06-12","1986-11-04","Sales"
455230,"Manohar","Baranowski","1955-02-02","1986-07-01","Sales"
455355,"Remko","Rotem","1954-10-26","1988-09-25","Sales"
455461,"Adam","Angel","1952-10-23","1987-11-30","Sales"
455998,"Dante","Panangaden","1953-04-10","1987-02-27","Sales"
456411,"Masanao","Maraist","1952-05-10","1986-03-22","Sales"
457606,"Bodo","Janocha","1954-10-07","1985-07-05","Sales"
457801,"Abdulla","Antonakopoulos","1953-09-22","1987-08-01","Sales"
458452,"Mamdouh","Suwa","1955-06-04","1988-09-25","Sales"
458597,"Valeri","Feldmann","1953-01-26","1987-01-17","Sales"
458612,"Zsolt","Suppi","1952-06-03","1988-11-16","Sales"
458948,"Mang","Boissier","1955-02-12","1985-12-22","Sales"
459173,"Lein","Basawa","1954-04-28","1987-10-31","Sales"
459541,"Seongbae","Hutton","1955-12-25","1987-12-21","Sales"
459711,"Fusako","Junot","1952-11-09","1986-05-03","Sales"
459921,"Chirstian","Quittner","1954-06-20","1985-04-13","Sales"
460114,"Sailaja","Perna","1953-05-11","1985-07-09","Sales"
460335,"Toney","Sethi","1955-03-24","1987-10-22","Sales"
461005,"Vugranam","Zaccaria","1953-04-11","1987-03-12","Sales"
461144,"Marla","Baar","1955-12-17","1988-03-18","Sales"
462157,"Mabhin","Emmart","1953-02-04","1986-08-07","Sales"
462231,"Anneke","Albarhamtoshy","1955-01-06","1988-04-09","Sales"
464310,"Marit","Molenkamp","1955-04-19","1985-08-08","Sales"
464692,"Paraskevi","Katiyar","1952-05-26","1987-02-02","Sales"
465119,"Radhakrishnan","Portugali","1954-02-06","1986-12-06","Sales"
465162,"Iara","Hashii","1952-05-17","1987-01-01","Sales"
466279,"Adil","Goodrum","1955-01-12","1988-01-13","Sales"
466323,"Luerbio","Prochazka","1954-09-26","1988-11-08","Sales"
466527,"Shawna","Eterovic","1952-09-08","1988-08-05","Sales"
466632,"Sumant","Burnard","1952-11-23","1987-06-15","Sales"
466764,"Tadanori","Tsukuda","1954-11-07","1986-09-03","Sales"
467001,"Kousuke","Samarati","1955-01-19","1985-05-18","Sales"
467524,"Youngkon","Pearson","1954-04-28","1987-03-25","Sales"
467773,"Xuejia","Guenter","1954-08-13","1986-01-29","Sales"
468624,"Nalini","Beznosov","1954-01-01","1988-10-19","Sales"
468942,"Jouni","Matzat","1953-02-20","1985-05-23","Sales"
469678,"Dmitry","Clemencon","1955-10-21","1988-12-04","Sales"
470033,"Carrsten","Ciolek","1953-06-24","1988-05-12","Sales"
470150,"Richard","Foong","1952-11-07","1986-10-19","Sales"
470386,"Yongmin","dAstous","1955-11-25","1985-07-06","Sales"
470401,"Inderjeet","Roohalamini","1955-07-09","1985-08-19","Sales"
470630,"Huican","Jarecki","1952-04-03","1988-12-10","Sales"
471079,"Kasturi","Swiss","1952-12-24","1988-06-17","Sales"
471422,"Teunis","Atchley","1953-10-20","1985-03-04","Sales"
471529,"Munir","Aloia","1952-12-03","1988-12-15","Sales"
471546,"Cedric","Picht","1955-10-20","1985-02-19","Sales"
471633,"Kyoichi","Jervis","1955-10-13","1985-08-30","Sales"
471964,"Janche","Leaver","1952-06-11","1986-03-12","Sales"
472102,"Gil","Redmiles","1955-01-27","1986-02-16","Sales"
472255,"Marlo","Krohn","1955-07-20","1987-03-16","Sales"
472349,"Zeljko","Ouhyoung","1955-03-07","1985-07-23","Sales"
472596,"Changho","Hofstetter","1955-12-18","1987-03-11","Sales"
472650,"Theirry","Ratnakar","1955-12-07","1986-03-25","Sales"
472914,"Weidon","Lorho","1954-11-16","1987-01-20","Sales"
473599,"Gennady","Rissanen","1952-09-07","1988-06-30","Sales"
473776,"Aemilian","Demir","1955-05-24","1985-04-11","Sales"
473800,"Herb","Lakshmanan","1954-11-08","1986-09-01","Sales"
474516,"Barton","Hambrick","1955-10-21","1988-02-09","Sales"
474793,"Arunachalam","Srimani","1953-11-27","1986-07-07","Sales"
475181,"Ebbe","Terwilliger","1954-07-29","1988-06-27","Sales"
475641,"Girolamo","Azevdeo","1953-08-17","1987-05-05","Sales"
475757,"Tommaso","Mayerwieser","1952-11-11","1986-09-23","Sales"
475816,"Tonny","Siksek","1954-05-04","1985-11-20","Sales"
475920,"Bogdan","Matzke","1955-06-19","1988-12-10","Sales"
476222,"Kristian","Mellouli","1953-06-30","1986-07-20","Sales"
477298,"Zengping","Denny","1953-12-02","1987-04-11","Sales"
477545,"Shaunak","Preusig","1955-02-08","1987-04-07","Sales"
477778,"Abdulah","Fadgyas","1952-12-30","1987-05-24","Sales"
477811,"Shai","Whitcomb","1952-03-20","1986-10-22","Sales"
478737,"Nadjib","Munos","1954-05-01","1988-10-07","Sales"
479333,"Lene","Rosiles","1954-10-15","1987-12-23","Sales"
479958,"Uta","Schmezko","1952-11-11","1985-11-03","Sales"
480199,"Fumiyo","Msuda","1955-07-23","1987-02-22","Sales"
480376,"Akhilish","Kieras","1955-04-06","1988-11-02","Sales"
480536,"Lansing","Gyorkos","1952-10-17","1986-10-15","Sales"
480683,"Jayesh","Wixon","1955-06-12","1985-04-24","Sales"
480789,"Masami","Mahmud","1952-09-21","1985-08-03","Sales"
480849,"Leon","Perz","1954-05-09","1985-12-01","Sales"
481170,"Ugo","Gustavson","1952-10-05","1985-03-01","Sales"
481322,"Salvador","Hettesheimer","1953-07-18","1986-12-05","Sales"
481475,"Jessie","Danley","1954-06-22","1985-03-03","Sales"
481599,"Hausi","Kawashima","1952-05-03","1986-03-23","Sales"
482514,"Geoff","Constantine","1955-04-29","1985-08-19","Sales"
482813,"Dipayan","Veccia","1952-10-20","1986-11-12","Sales"
482829,"Arup","Melski","1953-11-02","1987-07-06","Sales"
483082,"Zito","Pileggi","1954-12-25","1987-04-09","Sales"
483262,"Vivian","Billawala","1952-12-03","1986-12-11","Sales"
483438,"Otmar","Hofstetter","1953-08-16","1985-06-04","Sales"
483846,"Chikara","Merks","1952-12-27","1987-11-20","Sales"
484522,"Denis","Paciorek","1954-06-16","1985-10-03","Sales"
484981,"Toshiko","Anger","1952-11-24","1987-01-13","Sales"
485798,"Barun","Georgakopoulos","1954-11-24","1985-06-10","Sales"
486174,"Mabo","Sinitsyn","1954-01-23","1987-05-24","Sales"
486345,"Marsal","Brodie","1955-06-12","1988-06-13","Sales"
486494,"Gererd","Vural","1955-09-01","1987-07-01","Sales"
486516,"Shih","Kitsuregawa","1953-03-08","1987-04-11","Sales"
486583,"LiMin","Suri","1954-08-05","1986-05-04","Sales"
486888,"Florina","Veeraraghavan","1955-08-25","1987-04-29","Sales"
487525,"Irena","Buescher","1954-05-27","1987-04-13","Sales"
487543,"Xiping","Menhoudj","1952-04-17","1988-08-20","Sales"
488631,"Marsha","Noriega","1955-12-03","1988-11-12","Sales"
489624,"Odoardo","Malabarba","1952-12-28","1986-02-11","Sales"
489863,"Duangkaew","Murthy","1953-02-05","1987-07-15","Sales"
490044,"Huiqun","Ginneken","1954-10-24","1987-04-02","Sales"
490226,"Kristinn","Syang","1953-09-25","1985-05-02","Sales"
490251,"Youssef","Zweizig","1954-09-08","1988-04-15","Sales"
490640,"JoAnna","Puoti","1952-06-16","1987-08-13","Sales"
490875,"Kwun","Peyn","1954-09-10","1985-11-13","Sales"
490982,"Mountaz","Feinberg","1955-10-04","1985-12-22","Sales"
491028,"Deniz","Kaltofen","1955-02-17","1988-03-25","Sales"
491117,"Makato","Liedekerke","1955-08-13","1987-02-12","Sales"
491601,"Bader","Lampe","1953-06-13","1987-02-08","Sales"
491754,"Kiyokazu","Rouquie","1955-03-27","1987-01-04","Sales"
492058,"Jaques","Menyhert","1953-12-11","1986-03-16","Sales"
492278,"Chinhyun","Delgrange","1954-06-03","1988-11-25","Sales"
492303,"Fun","Reistad","1955-10-01","1988-09-09","Sales"
492647,"Leen","Madeira","1953-08-25","1987-02-24","Sales"
492678,"Kazuyasu","Pettis","1955-05-20","1986-02-13","Sales"
492835,"Khaled","Khalil","1954-07-12","1985-03-10","Sales"
493181,"Kwangjo","Belinskaya","1953-07-02","1987-01-26","Sales"
493262,"Pintsang","Fiebach","1954-04-26","1986-03-31","Sales"
493862,"Weiye","Radivojevic","1955-10-19","1987-01-13","Sales"
494951,"Emran","Waleschkowski","1954-12-18","1988-03-31","Sales"
495136,"Barna","Sherertz","1954-03-13","1985-07-23","Sales"
495415,"Tadanori","Lammel","1952-04-22","1986-01-08","Sales"
495426,"Leon","Pellegrinelli","1954-11-19","1987-11-14","Sales"
495543,"Lorien","Cangellaris","1952-07-07","1987-02-24","Sales"
495869,"Shai","Pluym","1954-03-08","1986-09-01","Sales"
495896,"Udaiprakash","Hemaspaandra","1955-07-01","1988-03-10","Sales"
496400,"Naftaly","Eiter","1955-04-12","1986-05-22","Sales"
496451,"Aleksander","Glowinski","1954-01-03","1987-08-05","Sales"
496472,"Gilbert","Carrere","1953-03-03","1987-06-25","Sales"
496558,"Yahiko","Niizuma","1955-08-15","1986-02-23","Sales"
496668,"Sakthirel","Hockney","1954-01-09","1986-02-24","Sales"
496868,"Fun","Klyachko","1952-08-26","1988-05-15","Sales"
497088,"Alassane","Picco","1955-01-30","1986-02-02","Sales"
497412,"Kankanahalli","Kamble","1954-01-11","1987-10-08","Sales"
497448,"Karsten","Suwa","1952-11-08","1985-04-20","Sales"
497538,"Zhiwei","Kuhnemann","1955-09-07","1987-07-26","Sales"
498104,"Aamer","Rosca","1954-04-03","1985-06-14","Sales"
498248,"Munir","Suwa","1952-09-26","1987-11-06","Sales"
499166,"Kiyomitsu","Gini","1953-01-06","1987-02-14","Sales"
499337,"Werner","Antonisse","1954-03-06","1987-02-04","Sales"
499347,"Ugo","Schwartzbauer","1953-03-28","1988-09-08","Sales"
499671,"Jayesh","Ambroszkiewicz","1955-10-03","1988-02-04","Sales"
